0	-1660.094951
1	-27609.738194
2	-37814.106811
3	-43830.997907
4	-47761.211191
5	-50371.362795
6	-52434.291059
7	-53888.795690
8	-55013.399168
9	-56010.906398
10	-56737.086243
11	-57301.845054
12	-57850.019703
13	-58303.225193
14	-58673.442206
15	-59051.927519
16	-59357.156055
17	-59578.149728
18	-59899.632444
19	-60204.790374
20	-60477.233324
21	-60661.986939
22	-60923.540260
23	-61072.237390
24	-61264.397918
25	-61408.050087
26	-61510.614931
27	-61740.713779
28	-61922.097647
29	-62111.665089
30	-62288.333977
31	-62383.195364
32	-62499.731966
33	-62557.031107
34	-62719.779525
35	-62825.106909
36	-62919.558784
37	-63039.041499
38	-63050.524215
39	-63176.162262
40	-63332.063415
41	-63393.800310
42	-63459.085330
43	-63534.285624
44	-63611.372948
45	-63718.488515
46	-63742.055957
47	-63819.914746
48	-63947.340977
49	-63975.134357
50	-64026.221682
51	-64104.687678
52	-64196.255120
53	-64213.060023
54	-64344.613344
55	-64403.658305
56	-64451.112779
57	-64462.044771
58	-64537.329791
59	-64616.628933
60	-64732.939597
61	-64781.716257
62	-64832.309344
63	-64876.803582
64	-64940.309344
65	-64934.215692
66	-64981.359501
67	-65101.415986
68	-65076.023193
69	-65122.418584
70	-65155.025791
71	-65222.692081
72	-65276.838488
73	-65308.556066
74	-65325.182591
75	-65392.128704
76	-65350.834759
77	-65405.879721
78	-65469.272514
79	-65503.517768
80	-65583.819508
81	-65606.666774
82	-65623.994157
83	-65748.191853
84	-65747.250935
85	-65727.519236
86	-65791.448631
87	-65845.900506
88	-65830.790135
89	-65875.016073
90	-65868.639999
91	-65943.289570
92	-65966.574590
93	-66011.266524
94	-66031.116388
95	-66093.328204
96	-66071.963654
97	-66067.418127
98	-66147.253870
99	-66133.875199
100	-66120.863676
101	-66075.202582
102	-66135.513246
103	-66161.772622
104	-66241.617290
105	-66242.450435
106	-66249.566002
107	-66341.246413
108	-66302.206648
109	-66295.110398
110	-66327.788211
111	-66337.200321
112	-66305.849892
113	-66350.767763
114	-66370.485341
115	-66426.796005
116	-66424.739521
117	-66523.332607
118	-66503.473818
119	-66510.363447
120	-66556.462295
121	-66540.462295
122	-66544.871807
123	-66571.620225
124	-66550.439249
125	-66590.792277
126	-66626.453370
127	-66638.792277
128	-66699.526574
129	-66750.232629
130	-66767.249348
131	-66773.927161
132	-66774.802669
133	-66751.664056
134	-66839.471557
135	-66891.231498
136	-66863.415073
137	-66808.850229
138	-66805.076166
139	-66802.121128
140	-66857.434390
141	-66908.775894
142	-66882.173883
143	-66873.628357
144	-66902.574470
145	-66902.000701
146	-66883.285722
147	-66965.794081
148	-66968.810800
149	-66947.700430
150	-66966.222910
151	-66995.728672
152	-67045.126661
153	-67061.719747
154	-67041.084297
155	-67076.072775
156	-67012.510529
157	-67003.174220
158	-67024.092092
159	-67058.685178
160	-67042.727541
161	-67089.278264
162	-67125.165295
163	-67107.207659
164	-67122.642815
165	-67142.374514
166	-67147.475960
167	-67208.309105
168	-67158.775101
169	-67190.958675
170	-67181.241097
171	-67159.989515
172	-67153.452914
173	-67224.003637
174	-67201.777699
175	-67248.300180
176	-67246.370785
177	-67283.062719
178	-67277.161567
179	-67278.766176
180	-67306.540238
181	-67301.274536
182	-67290.836781
183	-67266.714888
184	-67277.562154
185	-67301.025552
186	-67323.886939
187	-67338.395299
188	-67296.960143
189	-67315.765045
190	-67272.273405
191	-67326.626433
192	-67352.880612
193	-67353.953816
194	-67363.756121
195	-67384.716355
196	-67437.111746
197	-67409.846043
198	-67422.636825
199	-67402.961610
200	-67396.919247
201	-67429.667665
202	-67444.048935
203	-67440.260751
204	-67444.670263
205	-67455.305713
206	-67374.195342
207	-67406.534249
208	-67467.842315
209	-67432.223584
210	-67409.729346
211	-67427.212061
212	-67440.336553
213	-67471.169698
214	-67519.028487
215	-67527.268546
216	-67539.946359
217	-67506.228781
218	-67476.892472
219	-67543.386711
220	-67485.358469
221	-67519.866828
222	-67472.036281
223	-67552.205735
224	-67584.897669
225	-67598.389309
226	-67584.050403
227	-67561.053001
228	-67539.857903
229	-67530.874623
230	-67576.860501
231	-67558.097962
232	-67582.832259
233	-67641.467709
234	-67601.538314
235	-67589.566556
236	-67599.566556
237	-67597.679525
238	-67634.526791
239	-67639.359936
240	-67683.317573
241	-67599.261088
242	-67599.953022
243	-67590.461382
244	-67614.997984
245	-67625.110953
246	-67663.266285
247	-67667.944098
248	-67654.452457
249	-67681.525661
250	-67651.666872
251	-67674.245837
252	-67736.570622
253	-67708.358806
254	-67712.697712
255	-67713.389646
256	-67698.547576
257	-67719.521932
258	-67698.872361
259	-67757.507811
260	-67726.425682
261	-67790.609257
262	-67763.527128
263	-67800.445000
264	-67854.783906
265	-67813.334629
266	-67822.153653
267	-67856.916192
268	-67863.184493
269	-67844.986798
270	-67809.283341
271	-67801.834064
272	-67800.511877
273	-67765.020236
274	-67785.683928
275	-67810.686526
276	-67799.067796
277	-67752.559436
278	-67804.460588
279	-67825.096038
280	-67881.152522
281	-67871.392581
282	-67878.494027
283	-67865.581352
284	-67876.790570
285	-67882.677601
286	-67900.465785
287	-67888.197484
288	-67890.734086
289	-67885.623715
290	-67905.750805
291	-67918.160317
292	-67948.951098
293	-67949.417095
294	-67968.038423
295	-67924.532662
296	-67959.097506
297	-67957.874166
298	-67976.495494
299	-68001.385124
300	-67945.893483
301	-67997.483971
302	-68026.373601
303	-68004.867839
304	-68089.446804
305	-68046.251707
306	-68043.042489
307	-68041.183700
308	-68023.127215
309	-67969.169579
310	-67955.339032
311	-68033.621454
312	-68035.875634
313	-68046.708779
314	-68060.609931
315	-68014.708779
316	-68051.301865
317	-68074.191494
318	-68053.923193
319	-68066.219736
320	-68084.883428
321	-68077.801299
322	-68067.490635
323	-68079.603604
324	-68067.928389
325	-68066.676808
326	-68109.128683
327	-68073.778253
328	-68117.269894
329	-68099.580558
330	-68121.764132
331	-68053.707648
332	-68051.764132
333	-68057.877101
334	-68031.975949
335	-68039.637042
336	-68051.453468
337	-68093.241652
338	-68083.312257
339	-68069.439347
340	-68079.594679
341	-68142.145402
342	-68172.907941
343	-68131.204485
344	-68088.597277
345	-68122.371340
346	-68140.583156
347	-68165.359817
348	-68173.303332
349	-68091.246848
350	-68139.501028
351	-68179.472785
352	-68163.642239
353	-68161.741086
354	-68101.571633
355	-68141.769329
356	-68141.698723
357	-68164.771927
358	-68218.658958
359	-68235.040228
360	-68221.548587
361	-68188.927259
362	-68216.842532
363	-68239.096712
364	-68237.266165
365	-68224.997864
366	-68237.294407
367	-68292.664154
368	-68283.313725
369	-68251.454936
370	-68258.974818
371	-68241.412572
372	-68265.327846
373	-68269.694994
374	-68279.144272
375	-68259.836205
376	-68243.878569
377	-68300.217475
378	-68314.598745
379	-68214.725835
380	-68194.584624
381	-68231.686070
382	-68297.587222
383	-68299.996734
384	-68354.307398
385	-68392.618062
386	-68345.126422
387	-68329.437086
388	-68276.256110
389	-68326.496168
390	-68306.312594
391	-68316.990407
392	-68348.849196
393	-68357.061012
394	-68301.555251
395	-68351.668220
396	-68365.880036
397	-68380.430759
398	-68384.769666
399	-68439.475721
400	-68409.955838
401	-68381.856990
402	-68417.871111
403	-68396.125291
404	-68416.591288
405	-68351.014921
406	-68369.325585
407	-68393.071405
408	-68407.466796
409	-68403.862187
410	-68397.636249
411	-68410.130487
412	-68408.949511
413	-68425.217812
414	-68407.175449
415	-68369.966230
416	-68394.827618
417	-68411.674884
418	-68429.816095
419	-68433.378340
420	-68406.587559
421	-68456.982950
422	-68453.858458
423	-68434.155001
424	-68486.917540
425	-68454.423302
426	-68466.635118
427	-68504.606876
428	-68484.493907
429	-68456.846935
430	-68447.327052
431	-68458.089592
432	-68482.484982
433	-68492.950979
434	-68499.770003
435	-68528.094788
436	-68524.363089
437	-68494.377210
438	-68506.857327
439	-68547.605746
440	-68523.436292
441	-68465.040902
442	-68484.970296
443	-68506.716116
444	-68503.365687
445	-68479.309203
446	-68465.704593
447	-68494.467133
448	-68503.017856
449	-68543.851001
450	-68579.385004
451	-68575.526215
452	-68540.119301
453	-68543.008931
454	-68538.740630
455	-68571.376079
456	-68488.994810
457	-68504.472329
458	-68558.839478
459	-68588.980689
460	-68557.023052
461	-68590.053892
462	-68556.406920
463	-68514.632857
464	-68549.070611
465	-68545.451881
466	-68533.550729
467	-68601.691940
468	-68565.917877
469	-68564.214420
470	-68536.030846
471	-68568.426237
472	-68542.285026
473	-68570.736901
474	-68560.680417
475	-68578.581569
476	-68574.878112
477	-68570.892233
478	-68561.329987
479	-68603.160534
480	-68601.584167
481	-68586.247859
482	-68620.191375
483	-68576.826824
484	-68609.066883
485	-68596.756219
486	-68653.081004
487	-68635.984754
488	-68611.900028
489	-68622.154207
490	-68639.970633
491	-68632.111844
492	-68626.662567
493	-68574.987352
494	-68611.749892
495	-68593.778134
496	-68633.622802
497	-68597.905224
498	-68534.004072
499	-68597.891103
500	-68552.258251
501	-68606.625400
502	-68626.696005
503	-68624.328857
504	-68666.808974
505	-68639.020791
506	-68665.006670
507	-68713.430303
508	-68678.009268
509	-68659.938662
510	-68642.079873
511	-68664.559991
512	-68654.291690
513	-68652.277569
514	-68679.138956
515	-68701.223682
516	-68675.068350
517	-68637.407257
518	-68667.435499
519	-68708.212159
520	-68692.438097
521	-68674.960578
522	-68687.553664
523	-68704.626868
524	-68674.683352
525	-68620.768079
526	-68617.445891
527	-68727.968372
528	-68725.728313
529	-68655.685950
530	-68703.798919
531	-68693.784798
532	-68730.137825
533	-68750.038978
534	-68757.883645
535	-68705.685950
536	-68735.897767
537	-68762.095462
538	-68782.321400
539	-68756.095462
540	-68756.321400
541	-68754.688548
542	-68777.196908
543	-68775.549935
544	-68763.902963
545	-68754.185385
546	-68754.157143
547	-68744.326596
548	-68706.665502
549	-68718.453686
550	-68718.594897
551	-68738.383080
552	-68736.820834
553	-68752.679623
554	-68805.075014
555	-68781.159741
556	-68797.766948
557	-68769.682221
558	-68806.063491
559	-68751.865796
560	-68808.162339
561	-68804.430640
562	-68730.416519
563	-68776.698941
564	-68800.924878
565	-68815.193179
566	-68829.376753
567	-68811.320269
568	-68817.447359
569	-68759.348511
570	-68815.362632
571	-68801.588570
572	-68836.012203
573	-68803.941597
574	-68778.266383
575	-68823.927476
576	-68810.435836
577	-68776.096929
578	-68769.885113
579	-68770.492320
580	-68822.068687
581	-68800.435836
582	-68816.224019
583	-68805.998082
584	-68808.690016
585	-68807.057164
586	-68789.226617
587	-68780.972438
588	-68824.972438
589	-68824.802984
590	-68819.184254
591	-68777.749098
592	-68835.763219
593	-68835.847946
594	-68816.695212
595	-68832.779939
596	-68814.864665
597	-68794.596364
598	-68842.554001
599	-68834.568122
600	-68821.231814
601	-68837.542478
602	-68843.613083
603	-68854.050838
604	-68846.135564
605	-68832.163806
606	-68844.107322
607	-68828.530955
608	-68864.036716
609	-68820.135564
610	-68800.417986
611	-68846.714529
612	-68870.615682
613	-68892.573318
614	-68900.516834
615	-68866.982830
616	-68861.448826
617	-68870.352577
618	-68850.762089
619	-68915.425780
620	-68831.369296
621	-68871.708202
622	-68881.595234
623	-68867.552870
624	-68917.326933
625	-68887.157480
626	-68800.832694
627	-68813.086874
628	-68865.228085
629	-68863.694081
630	-68887.454023
631	-68863.778808
632	-68841.609355
633	-68874.287168
634	-68904.852012
635	-68895.162676
636	-68870.809648
637	-68882.894375
638	-68844.837890
639	-68877.318008
640	-68945.784004
641	-68951.896973
642	-68949.868731
643	-68936.080547
644	-68941.868731
645	-68922.122911
646	-68912.603028
647	-68896.617149
648	-68907.181993
649	-68895.097266
650	-68904.518301
651	-68894.560665
652	-68915.210235
653	-68919.407931
654	-68885.309083
655	-68861.111388
656	-68851.535021
657	-68843.464415
658	-68871.266720
659	-68871.351446
660	-68885.012540
661	-68945.040782
662	-68878.800723
663	-68941.422052
664	-68899.760958
665	-68949.944532
666	-68931.845685
667	-68912.029259
668	-68910.805920
669	-68922.452892
670	-68852.495255
671	-68902.763556
672	-68954.495255
673	-68972.594103
674	-68938.834162
675	-68937.130705
676	-68955.511975
677	-68937.342521
678	-68931.455490
679	-68941.554338
680	-68955.497854
681	-68891.427248
682	-68907.483732
683	-68917.144826
684	-68930.749435
685	-68923.144826
686	-68935.554338
687	-68975.681428
688	-68981.314279
689	-68932.763556
690	-68957.215432
691	-68933.116584
692	-68947.921487
693	-68962.119182
694	-68957.639065
695	-68975.766154
696	-68933.850881
697	-69003.850881
698	-68980.006213
699	-68989.963850
700	-69016.076819
701	-68994.203909
702	-68919.977971
703	-68944.246272
704	-68980.175666
705	-68968.246272
706	-68994.458088
707	-68986.105061
708	-68990.330998
709	-68984.641663
710	-68980.542815
711	-68982.924085
712	-68979.192386
713	-68969.305354
714	-69001.503050
715	-68995.333597
716	-69015.008811
717	-69023.291233
718	-69007.714866
719	-69018.180863
720	-69020.096136
721	-68962.562132
722	-69026.773949
723	-68998.858675
724	-68966.802191
725	-68934.477406
726	-69002.576253
727	-69029.183461
728	-69001.282308
729	-68951.126976
730	-68977.451762
731	-69021.804789
732	-68968.030727
733	-68963.790668
734	-68943.494125
735	-68991.790668
736	-69005.889516
737	-69002.327270
738	-69026.397875
739	-69040.030727
740	-69000.341391
741	-68992.242543
742	-68961.677699
743	-68997.790668
744	-69026.030727
745	-69022.383754
746	-68976.750903
747	-69000.708539
748	-68988.934477
749	-69005.033325
750	-68971.103930
751	-68909.146294
752	-68997.965317
753	-68993.908833
754	-68980.360708
755	-68982.360708
756	-68976.544282
757	-69040.671372
758	-69028.953794
759	-69015.151490
760	-69020.982037
761	-68982.544282
762	-69012.459556
763	-69050.600767
764	-69008.431314
765	-68974.544282
766	-68962.261860
767	-68981.795864
768	-68975.386352
769	-68987.400473
770	-69061.880591
771	-69036.191255
772	-69062.586646
773	-69058.163013
774	-69044.374829
775	-69064.374829
776	-69009.908833
777	-69024.374829
778	-69020.925552
779	-69020.600767
780	-69012.812583
781	-69026.925552
782	-69012.685493
783	-69020.883189
784	-69031.264459
785	-69001.476275
786	-68991.688092
787	-69043.801060
788	-69033.137369
789	-69043.109126
790	-69047.250337
791	-69031.433912
792	-69027.038521
793	-69022.826704
794	-69015.702213
795	-68983.490396
796	-69007.137369
797	-69025.546881
798	-69025.391548
799	-69034.911431
800	-68996.826704
801	-68972.671372
802	-69037.363306
803	-68983.532759
804	-68967.151490
805	-68991.504517
806	-69041.575123
807	-69045.476275
808	-69043.391548
809	-68995.306822
810	-69041.405670
811	-69047.815181
812	-68937.744576
813	-68995.829303
814	-69034.888385
815	-69078.846022
816	-69044.888385
817	-69025.241413
818	-69033.919225
819	-69046.159284
820	-69030.229890
821	-69056.371101
822	-69078.681765
823	-69078.766491
824	-68973.091277
825	-69067.105398
826	-69059.910301
827	-69037.613757
828	-69021.952664
829	-69053.797332
830	-68999.514910
831	-69035.288972
832	-68999.656121
833	-68997.867937
834	-69027.867937
835	-69021.613757
836	-69009.557273
837	-68979.825574
838	-68973.825574
839	-68985.458425
840	-68987.458425
841	-68979.401941
842	-69021.627879
843	-69035.754968
844	-69088.333934
845	-69038.461023
846	-69020.489266
847	-69012.291570
848	-69002.348055
849	-69004.263328
850	-69000.065633
851	-69016.291570
852	-69042.220965
853	-69008.446902
854	-69050.305691
855	-69054.333934
856	-69012.051512
857	-69058.588113
858	-69010.545750
859	-69008.461023
860	-68986.291570
861	-69002.404539
862	-69016.065633
863	-69042.249207
864	-69008.404539
865	-69030.616356
866	-68994.828172
867	-68986.856414
868	-68992.729324
869	-69044.404539
870	-69017.825574
871	-68983.825574
872	-69046.150359
873	-69052.037390
874	-69007.910301
875	-69013.684363
876	-69021.529031
877	-69012.178601
878	-69050.220965
879	-69048.475145
880	-69087.280047
881	-69015.364774
882	-69043.647196
883	-69007.604833
884	-69023.435379
885	-69013.336532
886	-69015.943739
887	-69012.113192
888	-68974.183798
889	-69020.197919
890	-69082.240282
891	-69052.197919
892	-69050.282645
893	-69005.689559
894	-69068.748642
895	-69048.579188
896	-69044.706278
897	-69099.031064
898	-69045.313486
899	-69050.104267
900	-69074.104267
901	-69078.429053
902	-69103.050381
903	-69089.022139
904	-69039.022139
905	-69041.248076
906	-69051.022139
907	-69059.120986
908	-69029.233955
909	-69067.304561
910	-69054.923291
911	-69023.022139
912	-69043.346924
913	-69093.276319
914	-69099.233955
915	-69067.431651
916	-69055.375166
917	-69035.558741
918	-69051.770557
919	-69057.897647
920	-69059.586983
921	-68991.516377
922	-69059.431651
923	-69021.869405
924	-69043.714073
925	-69053.530498
926	-69055.445772
927	-69067.488135
928	-69029.982374
929	-69027.841163
930	-69050.067100
931	-69086.759034
932	-69058.165948
933	-69070.518975
934	-69074.787276
935	-69064.547218
936	-69036.222432
937	-69094.702550
938	-69042.081221
939	-69098.264796
940	-69049.911768
941	-69033.996495
942	-69072.349522
943	-69098.377764
944	-69090.307159
945	-69078.081221
946	-69108.561339
947	-69084.801397
948	-69074.462491
949	-69022.420128
950	-69078.914366
951	-69048.575460
952	-69028.617823
953	-69102.857882
954	-69127.239152
955	-69058.377764
956	-69038.617823
957	-69092.575460
958	-69088.448370
959	-69032.123585
960	-69062.759034
961	-69068.829640
962	-69040.759034
963	-69065.352120
964	-69097.196788
965	-69067.931085
966	-69074.255871
967	-69024.058175
968	-69085.761632
969	-69084.171144
970	-69050.128781
971	-69006.227629
972	-69043.634542
973	-69073.874601
974	-69104.044054
975	-69017.846359
976	-69011.648663
977	-68969.394484
978	-69003.818117
979	-69051.818117
980	-69047.408605
981	-69047.549816
982	-69057.662785
983	-69033.422726
984	-69009.493331
985	-69062.015812
986	-69066.707746
987	-69056.538293
988	-69076.495929
989	-69092.312355
990	-69106.142902
991	-69109.719269
992	-69082.029933
993	-69082.015812
994	-69042.001691
995	-68992.058175
996	-69026.072296
997	-69088.382961
998	-69086.199386
999	-69076.411203
1000	-69066.368840
1001	-69056.298234
1002	-69072.665383
1003	-69046.919562
1004	-69079.244348
1005	-69082.905441
1006	-69078.976047
1007	-69032.510051
1008	-69044.524172
1009	-69080.693625
1010	-69080.820715
1011	-69062.947805
1012	-69099.117258
1013	-69046.792473
1014	-69075.103137
1015	-69115.201984
1016	-69071.046652
1017	-69073.611496
1018	-69070.077493
1019	-69057.922161
1020	-69047.639739
1021	-69103.667981
1022	-69063.611496
1023	-69052.246946
1024	-69098.430520
1025	-69086.882395
1026	-69083.136575
1027	-69091.418997
1028	-69043.080091
1029	-69095.701419
1030	-69059.362513
1031	-69089.503724
1032	-69101.277786
1033	-69107.122454
1034	-69075.009485
1035	-69073.065970
1036	-69091.729661
1037	-69121.786146
1038	-69101.659056
1039	-69083.983841
1040	-69123.997962
1041	-69112.478080
1042	-69088.209779
1043	-69094.096810
1044	-69092.463959
1045	-69066.125052
1046	-69132.421595
1047	-69089.085287
1048	-69133.014681
1049	-69155.071166
1050	-69086.704017
1051	-69093.198256
1052	-69070.760502
1053	-69076.492201
1054	-69108.449837
1055	-69070.266263
1056	-69048.181537
1057	-68993.899115
1058	-69011.983841
1059	-69020.238021
1060	-69053.786146
1061	-69013.447239
1062	-69079.659056
1063	-69051.531966
1064	-69033.517845
1065	-69059.291907
1066	-69065.235423
1067	-69078.825911
1068	-69132.656458
1069	-69148.303430
1070	-69110.472883
1071	-69104.190461
1072	-69095.879797
1073	-69084.289309
1074	-69124.077493
1075	-69091.964524
1076	-69104.021008
1077	-69143.950403
1078	-69125.879797
1079	-69099.780950
1080	-69105.597375
1081	-69111.597375
1082	-69067.159621
1083	-69101.484406
1084	-69050.891320
1085	-69073.117258
1086	-69107.216106
1087	-69088.990168
1088	-69082.863078
1089	-69149.201984
1090	-69049.074895
1091	-69045.103137
1092	-69059.456164
1093	-69041.583254
1094	-69063.258469
1095	-69133.992766
1096	-69090.077493
1097	-69075.837434
1098	-69051.978645
1099	-68987.682102
1100	-69026.006887
1101	-69056.501126
1102	-69068.769427
1103	-69110.684700
1104	-69102.698821
1105	-69115.178938
1106	-69072.755305
1107	-69008.840032
1108	-69059.108333
1109	-69034.628216
1110	-69042.642337
1111	-69104.825911
1112	-69062.515247
1113	-69078.727063
1114	-69057.037727
1115	-69020.599973
1116	-69046.303430
1117	-69060.204583
1118	-69078.684700
1119	-69090.289309
1120	-69098.430520
1121	-69054.727063
1122	-69082.741184
1123	-69134.585852
1124	-69134.727063
1125	-69114.458762
1126	-69093.936282
1127	-69127.893918
1128	-69077.908039
1129	-69068.232825
1130	-69042.359915
1131	-69032.585852
1132	-69056.896516
1133	-69084.571731
1134	-69110.727063
1135	-69104.684700
1136	-69094.684700
1137	-69073.094212
1138	-69107.277786
1139	-69105.673177
1140	-69105.588450
1141	-69059.249544
1142	-69087.306028
1143	-69037.164817
1144	-69041.193060
1145	-69095.094212
1146	-69087.715540
1147	-69115.475482
1148	-69100.797669
1149	-69104.882395
1150	-69108.854153
1151	-69102.614094
1152	-69056.727063
1153	-69066.938880
1154	-69114.656458
1155	-69130.614094
1156	-69106.331672
1157	-69057.752707
1158	-69055.837434
1159	-69047.851555
1160	-69062.162219
1161	-69034.105735
1162	-69058.275188
1163	-69078.331672
1164	-69075.964524
1165	-69082.275188
1166	-69126.501126
1167	-69080.585852
1168	-69056.077493
1169	-69021.908039
1170	-69043.456164
1171	-69091.357317
1172	-69051.738586
1173	-69088.006887
1174	-69126.246946
1175	-69102.105735
1176	-69051.922161
1177	-69106.049250
1178	-69110.077493
1179	-69093.823313
1180	-69130.035129
1181	-69130.021008
1182	-69113.738586
1183	-69110.119856
1184	-69134.444641
1185	-69088.656458
1186	-69108.698821
1187	-69066.712942
1188	-69124.430520
1189	-69106.345794
1190	-69070.416399
1191	-69094.571731
1192	-69062.317551
1193	-69095.879797
1194	-69082.444641
1195	-69056.430520
1196	-69056.374036
1197	-69008.684700
1198	-69050.868274
1199	-69050.910638
1200	-69044.656458
1201	-69068.797669
1202	-69081.320149
1203	-69073.673177
1204	-69097.390755
1205	-69089.531966
1206	-69083.856751
1207	-69041.390755
1208	-69022.896516
1209	-68992.825911
1210	-68992.487005
1211	-69120.825911
1212	-69082.444641
1213	-69112.246946
1214	-69098.133977
1215	-69078.162219
1216	-69086.218704
1217	-69031.851555
1218	-69042.204583
1219	-69061.540891
1220	-69083.879797
1221	-69085.752707
1222	-69106.006887
1223	-69074.021008
1224	-69088.133977
1225	-69069.936282
1226	-69015.597375
1227	-69075.893918
1228	-69081.865676
1229	-69069.893918
1230	-69112.388157
1231	-69063.992766
1232	-69087.879797
1233	-69097.992766
1234	-69049.950403
1235	-69076.218704
1236	-69087.992766
1237	-69100.162219
1238	-69066.275188
1239	-69062.656458
1240	-69111.136575
1241	-69098.317551
1242	-69096.924759
1243	-69085.009485
1244	-69102.981243
1245	-69074.529368
1246	-69060.359915
1247	-69076.571731
1248	-69072.501126
1249	-69080.755305
1250	-69098.868274
1251	-69106.840032
1252	-69016.797669
1253	-69008.825911
1254	-69002.190461
1255	-69042.204583
1256	-69086.275188
1257	-69062.458762
1258	-69094.783548
1259	-69115.164817
1260	-69054.769427
1261	-69071.051849
1262	-69118.924759
1263	-69110.656458
1264	-69088.599973
1265	-69044.769427
1266	-69044.698821
1267	-69094.374036
1268	-69082.289309
1269	-69138.712942
1270	-69129.094212
1271	-69087.291907
1272	-69089.164817
1273	-69093.320149
1274	-69097.729661
1275	-69079.531966
1276	-69095.334271
1277	-69047.433118
1278	-69045.023606
1279	-69069.051849
1280	-69113.277786
1281	-69092.938880
1282	-69115.136575
1283	-69088.797669
1284	-69083.376634
1285	-69103.447239
1286	-69109.489603
1287	-69133.235423
1288	-69131.418997
1289	-69112.139173
1290	-69117.884993
1291	-69083.701419
1292	-69107.786146
1293	-69115.772025
1294	-69105.729661
1295	-69133.362513
1296	-69117.193060
1297	-69130.981243
1298	-69136.529368
1299	-69088.176340
1300	-69080.840032
1301	-69086.769427
1302	-69046.402278
1303	-69100.515247
1304	-69124.854153
1305	-69096.698821
1306	-69074.571731
1307	-69078.444641
1308	-69062.246946
1309	-69077.893918
1310	-69025.908039
1311	-69042.006887
1312	-69013.922161
1313	-69068.162219
1314	-69096.529368
1315	-69124.712942
1316	-69131.023606
1317	-69181.249544
1318	-69110.868274
1319	-69136.698821
1320	-69144.712942
1321	-69128.345794
1322	-69096.374036
1323	-69162.741184
1324	-69146.797669
1325	-69092.670579
1326	-69086.938880
1327	-69080.967122
1328	-69139.461360
1329	-69143.178938
1330	-69149.178938
1331	-69120.910638
1332	-69111.221302
1333	-69033.009485
1334	-69060.783548
1335	-69086.953001
1336	-69038.670579
1337	-69044.289309
1338	-69072.091614
1339	-69078.317551
1340	-69114.289309
1341	-69100.190461
1342	-69130.614094
1343	-69080.105735
1344	-69076.359915
1345	-69072.472883
1346	-69044.416399
1347	-69120.190461
1348	-69134.133977
1349	-69111.851555
1350	-69088.077493
1351	-69134.797669
1352	-69111.009485
1353	-69122.840032
1354	-69088.938880
1355	-69095.023606
1356	-69107.094212
1357	-69136.797669
1358	-69040.232825
1359	-69106.148098
1360	-69064.261067
1361	-69078.585852
1362	-69072.924759
1363	-69096.882395
1364	-69140.769427
1365	-69106.727063
1366	-69096.430520
1367	-69102.501126
1368	-69156.684700
1369	-69086.529368
1370	-69122.684700
1371	-69066.148098
1372	-69086.049250
1373	-69088.232825
1374	-69149.964524
1375	-69091.653860
1376	-69043.258469
1377	-69063.060773
1378	-69054.834836
1379	-69121.216106
1380	-69087.117258
1381	-69124.905441
1382	-69090.707746
1383	-69122.552414
1384	-69128.029933
1385	-69099.888722
1386	-69055.987570
1387	-69121.916964
1388	-69097.916964
1389	-69115.592179
1390	-69101.295636
1391	-69105.479210
1392	-69113.479210
1393	-69120.857882
1394	-69038.942608
1395	-69040.533097
1396	-69081.140304
1397	-69071.507452
1398	-69091.323878
1399	-69107.846359
1400	-69122.227629
1401	-69094.510051
1402	-69156.806594
1403	-69092.848957
1404	-69119.216106
1405	-69104.834836
1406	-69113.117258
1407	-69143.173742
1408	-69151.103137
1409	-69128.340597
1410	-69112.185265
1411	-69118.284113
1412	-69186.552414
1413	-69112.128781
1414	-69128.707746
1415	-69122.947805
1416	-69144.368840
1417	-69110.524172
1418	-69128.990168
1419	-69125.117258
1420	-69111.018410
1421	-69070.806594
1422	-69078.863078
1423	-69082.481808
1424	-69030.213507
1425	-69051.987570
1426	-69064.001691
1427	-69038.255871
1428	-69013.535695
1429	-69079.408605
1430	-69067.578058
1431	-69065.267394
1432	-69097.168546
1433	-69091.013214
1434	-69115.112062
1435	-69110.815519
1436	-69116.984972
1437	-69092.999093
1438	-69048.886124
1439	-69092.801397
1440	-69138.942608
1441	-69137.380363
1442	-69179.691027
1443	-69123.450968
1444	-69097.323878
1445	-69117.436847
1446	-69095.676906
1447	-69081.888722
1448	-69068.298234
1449	-69017.973449
1450	-69055.931085
1451	-69064.213507
1452	-69124.284113
1453	-69136.425324
1454	-69134.637140
1455	-69098.510051
1456	-69053.860480
1457	-69094.015812
1458	-69080.058175
1459	-69035.888722
1460	-69047.662785
1461	-69090.298234
1462	-69095.931085
1463	-69079.691027
1464	-69095.309757
1465	-69054.773155
1466	-69064.900245
1467	-69111.380363
1468	-69121.803996
1469	-69121.761632
1470	-69111.846359
1471	-69085.789874
1472	-69031.916964
1473	-69069.747511
1474	-69096.157023
1475	-69126.255871
1476	-69118.354718
1477	-69116.326476
1478	-69088.001691
1479	-69067.592179
1480	-69041.408605
1481	-69083.408605
1482	-69069.253273
1483	-69071.380363
1484	-69097.013214
1485	-69048.716671
1486	-69058.674308
1487	-69071.112062
1488	-69103.281515
1489	-69073.592179
1490	-69064.114660
1491	-69037.832238
1492	-69017.789874
1493	-69049.789874
1494	-69042.100539
1495	-69104.552414
1496	-69112.651262
1497	-69132.905441
1498	-69136.919562
1499	-69079.244348
1500	-69113.074895
1501	-69122.820715
1502	-69065.089016
1503	-69076.580656
1504	-69062.594777
1505	-69095.258469
1506	-69080.439445
1507	-69111.004289
1508	-69169.103137
1509	-69129.004289
1510	-69125.187863
1511	-69109.639739
1512	-69064.133977
1513	-69098.119856
1514	-69081.470285
1515	-69096.162219
1516	-69075.936282
1517	-69089.837434
1518	-69091.978645
1519	-69137.893918
1520	-69087.879797
1521	-69088.246946
1522	-69124.585852
1523	-69174.741184
1524	-69098.374036
1525	-69062.614094
1526	-69073.080091
1527	-69143.178938
1528	-69093.447239
1529	-69068.585852
1530	-69094.684700
1531	-69186.896516
1532	-69143.009485
1533	-69132.712942
1534	-69104.797669
1535	-69154.882395
1536	-69154.854153
1537	-69105.009485
1538	-69060.967122
1539	-69058.882395
1540	-69066.543489
1541	-69112.430520
1542	-69154.402278
1543	-69172.063372
1544	-69109.653860
1545	-69137.569133
1546	-69126.091614
1547	-69175.992766
1548	-69135.964524
1549	-69151.978645
1550	-69145.710344
1551	-69083.244348
1552	-69119.555012
1553	-69079.272590
1554	-69065.046652
1555	-69055.555012
1556	-69057.399680
1557	-69097.639739
1558	-69127.512649
1559	-69133.329074
1560	-69103.145500
1561	-69117.427922
1562	-69115.399680
1563	-69113.343195
1564	-69089.230227
1565	-69071.399680
1566	-69117.653860
1567	-69059.851555
1568	-69073.639739
1569	-69069.851555
1570	-69110.218704
1571	-69106.232825
1572	-69054.176340
1573	-69094.487005
1574	-69080.656458
1575	-69136.811790
1576	-69108.571731
1577	-69136.430520
1578	-69106.628216
1579	-69108.444641
1580	-69139.009485
1581	-69138.571731
1582	-69124.515247
1583	-69086.359915
1584	-69104.204583
1585	-69061.936282
1586	-69084.261067
1587	-69053.667981
1588	-69066.148098
1589	-69130.487005
1590	-69112.303430
1591	-69126.543489
1592	-69128.402278
1593	-69130.840032
1594	-69140.571731
1595	-69122.402278
1596	-69111.950403
1597	-69093.667981
1598	-69097.399680
1599	-69119.667981
1600	-69081.597375
1601	-69145.498528
1602	-69093.074895
1603	-69056.891320
1604	-69112.947805
1605	-69082.411203
1606	-69100.411203
1607	-69120.721867
1608	-69119.103137
1609	-69094.933684
1610	-69090.199386
1611	-69112.382961
1612	-69126.848957
1613	-69135.159621
1614	-69116.750109
1615	-69080.510051
1616	-69072.679504
1617	-69078.594777
1618	-69116.848957
1619	-69126.919562
1620	-69107.131379
1621	-69105.555012
1622	-69049.540891
1623	-69117.922161
1624	-69098.063372
1625	-69138.811790
1626	-69149.150696
1627	-69151.334271
1628	-69107.390755
1629	-69127.348392
1630	-69151.503724
1631	-69203.320149
1632	-69173.221302
1633	-69129.602571
1634	-69051.404876
1635	-69073.249544
1636	-69099.320149
1637	-69077.390755
1638	-69095.546087
1639	-69093.221302
1640	-69084.995364
1641	-69075.263665
1642	-69093.546087
1643	-69066.910638
1644	-69046.924759
1645	-69058.599973
1646	-69104.416399
1647	-69124.303430
1648	-69118.331672
1649	-69112.656458
1650	-69074.571731
1651	-69078.458762
1652	-69066.275188
1653	-69078.571731
1654	-69072.218704
1655	-69040.388157
1656	-69048.472883
1657	-69090.910638
1658	-69072.543489
1659	-69066.797669
1660	-69086.656458
1661	-69084.416399
1662	-69090.275188
1663	-69078.670579
1664	-69089.164817
1665	-69103.447239
1666	-69081.108333
1667	-69079.447239
1668	-69097.786146
1669	-69133.475482
1670	-69068.938880
1671	-69119.221302
1672	-69099.136575
1673	-69023.051849
1674	-69036.359915
1675	-69102.953001
1676	-69087.023606
1677	-69092.543489
1678	-69116.614094
1679	-69122.529368
1680	-69102.656458
1681	-69116.416399
1682	-69120.402278
1683	-69124.515247
1684	-69107.978645
1685	-69089.682102
1686	-69057.470285
1687	-69095.809192
1688	-69134.105735
1689	-69112.105735
1690	-69116.021008
1691	-69071.625617
1692	-69102.204583
1693	-69084.077493
1694	-69118.472883
1695	-69120.388157
1696	-69108.077493
1697	-69086.275188
1698	-69154.642337
1699	-69106.769427
1700	-69092.670579
1701	-69128.374036
1702	-69085.738586
1703	-69119.653860
1704	-69061.611496
1705	-69023.653860
1706	-69015.710344
1707	-69071.992766
1708	-69082.133977
1709	-69042.232825
1710	-69086.458762
1711	-69070.684700
1712	-69124.797669
1713	-69099.037727
1714	-69068.825911
1715	-69092.670579
1716	-69068.953001
1717	-69082.967122
1718	-69093.334271
1719	-69111.122454
1720	-69090.727063
1721	-69074.854153
1722	-69080.628216
1723	-69098.105735
1724	-69126.317551
1725	-69094.021008
1726	-69100.402278
1727	-69076.628216
1728	-69100.684700
1729	-69102.684700
1730	-69062.557610
1731	-69070.684700
1732	-69102.599973
1733	-69050.148098
1734	-69054.105735
1735	-69042.232825
1736	-69088.557610
1737	-69078.148098
1738	-69066.402278
1739	-69108.374036
1740	-69086.444641
1741	-69066.289309
1742	-69094.261067
1743	-69110.472883
1744	-69100.458762
1745	-69146.854153
1746	-69118.501126
1747	-69098.275188
1748	-69084.261067
1749	-69126.204583
1750	-69106.049250
1751	-69097.823313
1752	-69111.837434
1753	-69043.470285
1754	-69054.035129
1755	-69056.091614
1756	-69092.063372
1757	-69120.472883
1758	-69057.950403
1759	-69091.865676
1760	-69092.035129
1761	-69097.992766
1762	-69046.261067
1763	-69038.190461
1764	-69114.133977
1765	-69092.246946
1766	-69094.402278
1767	-68994.275188
1768	-68993.710344
1769	-69056.049250
1770	-69078.162219
1771	-69101.865676
1772	-69059.738586
1773	-69029.879797
1774	-69060.515247
1775	-69094.091614
1776	-69090.303430
1777	-69072.176340
1778	-69098.289309
1779	-69148.303430
1780	-69146.049250
1781	-69126.077493
1782	-69094.261067
1783	-69118.585852
1784	-69124.515247
1785	-69108.035129
1786	-69103.922161
1787	-69055.908039
1788	-69073.978645
1789	-69137.851555
1790	-69105.879797
1791	-69097.738586
1792	-69109.569133
1793	-69105.371438
1794	-69103.442043
1795	-69092.947805
1796	-69063.131379
1797	-69093.046652
1798	-69056.947805
1799	-69056.778351
1800	-69050.750109
1801	-69071.498528
1802	-69123.823313
1803	-69115.992766
1804	-69084.021008
1805	-69093.597375
1806	-69149.696223
1807	-69131.738586
1808	-69133.512649
1809	-69061.512649
1810	-69083.625617
1811	-69114.006887
1812	-69121.667981
1813	-69163.484406
1814	-69151.597375
1815	-69091.780950
1816	-69085.611496
1817	-69123.950403
1818	-69161.795071
1819	-69095.131379
1820	-69121.752707
1821	-69093.724465
1822	-69133.950403
1823	-69121.597375
1824	-69123.667981
1825	-69089.427922
1826	-69097.272590
1827	-69137.371438
1828	-69149.399680
1829	-69147.286711
1830	-69145.385559
1831	-69099.399680
1832	-69113.131379
1833	-69102.764230
1834	-69095.343195
1835	-69131.427922
1836	-69091.060773
1837	-69071.103137
1838	-69021.103137
1839	-69011.004289
1840	-69056.933684
1841	-69100.877199
1842	-69094.453566
1843	-69052.750109
1844	-69090.594777
1845	-69106.128781
1846	-69110.072296
1847	-69061.775753
1848	-69032.001691
1849	-69093.747511
1850	-69085.563937
1851	-69107.267394
1852	-69097.013214
1853	-69126.001691
1854	-69087.648663
1855	-69105.521574
1856	-69115.521574
1857	-69105.803996
1858	-69071.225030
1859	-69060.688429
1860	-69078.420128
1861	-69056.631944
1862	-69086.956730
1863	-69054.843761
1864	-69091.126183
1865	-69093.295636
1866	-69105.436847
1867	-69078.872003
1868	-69091.493331
1869	-69103.818117
1870	-69117.253273
1871	-69077.182667
1872	-69066.999093
1873	-69074.829640
1874	-69108.547218
1875	-69100.716671
1876	-69120.787276
1877	-69070.688429
1878	-69100.857882
1879	-69102.744913
1880	-69084.660186
1881	-69072.843761
1882	-69062.646065
1883	-69088.787276
1884	-69113.097941
1885	-69093.309757
1886	-69135.662785
1887	-69127.719269
1888	-69155.662785
1889	-69107.705148
1890	-69065.253273
1891	-69077.253273
1892	-69075.422726
1893	-69053.563937
1894	-69083.733390
1895	-69059.592179
1896	-69059.648663
1897	-69055.634542
1898	-69069.507452
1899	-69085.549816
1900	-69101.521574
1901	-69103.676906
1902	-69117.634542
1903	-69138.199386
1904	-69160.382961
1905	-69098.199386
1906	-69158.100539
1907	-69083.789874
1908	-69139.987570
1909	-69090.269992
1910	-69100.637140
1911	-69068.354718
1912	-69116.439445
1913	-69076.439445
1914	-69084.552414
1915	-69068.439445
1916	-69064.227629
1917	-69070.171144
1918	-69112.637140
1919	-69134.439445
1920	-69112.792473
1921	-69069.860480
1922	-69025.450968
1923	-69039.535695
1924	-69067.450968
1925	-69093.719269
1926	-69115.253273
1927	-69129.606300
1928	-69099.323878
1929	-69135.140304
1930	-69135.465089
1931	-69084.942608
1932	-69074.462491
1933	-69110.631944
1934	-69104.504854
1935	-69152.688429
1936	-69114.900245
1937	-69086.137706
1938	-69094.151827
1939	-69053.940010
1940	-69108.194190
1941	-69057.742315
1942	-69112.420128
1943	-69132.448370
1944	-69136.236553
1945	-69126.151827
1946	-69068.151827
1947	-69053.897647
1948	-69070.264796
1949	-69124.038858
1950	-69097.572862
1951	-69088.194190
1952	-69108.646065
1953	-69080.970851
1954	-69117.097941
1955	-69143.168546
1956	-69124.970851
1957	-69063.140304
1958	-69091.210909
1959	-69121.648663
1960	-69081.563937
1961	-69095.253273
1962	-69125.592179
1963	-69141.818117
1964	-69161.521574
1965	-69155.436847
1966	-69141.210909
1967	-69124.999093
1968	-69131.168546
1969	-69091.182667
1970	-69092.660186
1971	-69112.688429
1972	-69120.872003
1973	-69108.321280
1974	-69124.264796
1975	-69149.643467
1976	-69061.332803
1977	-69097.078623
1978	-69075.332803
1979	-69061.459893
1980	-69087.332803
1981	-69085.629346
1982	-69045.728194
1983	-69033.092744
1984	-69085.177471
1985	-69091.036260
1986	-69066.895049
1987	-69065.149229
1988	-69069.586983
1989	-69081.756436
1990	-69148.052979
1991	-69120.349522
1992	-69155.883526
1993	-69122.363643
1994	-69170.264796
1995	-69170.095342
1996	-69164.872003
1997	-69088.504854
1998	-69061.643467
1999	-69095.219834
2000	-69063.812920
2001	-69114.180069
2002	-69113.940010
2003	-69095.459893
2004	-69081.502256
2005	-69047.008018
2006	-69057.050381
2007	-69074.485537
2008	-69106.654990
2009	-69056.852686
2010	-69122.584385
2011	-69072.372568
2012	-69056.386689
2013	-69108.471416
2014	-69110.316084
2015	-69094.316084
2016	-69030.654990
2017	-69101.205713
2018	-69099.191592
2019	-69114.993897
2020	-69126.499658
2021	-69148.753838
2022	-69132.866807
2023	-69108.669111
2024	-69053.064502
2025	-69073.629346
2026	-69147.841163
2027	-69138.010616
2028	-69125.361045
2029	-69113.290440
2030	-69161.304561
2031	-69111.050381
2032	-69145.332803
2033	-69099.954131
2034	-69118.024737
2035	-69103.954131
2036	-69072.109464
2037	-69130.307159
2038	-69074.052979
2039	-69098.250675
2040	-69054.180069
2041	-69094.194190
2042	-69056.194190
2043	-69128.222432
2044	-69168.688429
2045	-69094.335401
2046	-69128.462491
2047	-69108.490733
2048	-69072.448370
2049	-69101.225030
2050	-69123.380363
2051	-69163.535695
2052	-69089.309757
2053	-69131.620421
2054	-69114.072296
2055	-69125.761632
2056	-69105.818117
2057	-69071.563937
2058	-69059.267394
2059	-69085.832238
2060	-69085.916964
2061	-69102.015812
2062	-69091.620421
2063	-69019.479210
2064	-69043.126183
2065	-69121.408605
2066	-69145.465089
2067	-69121.225030
2068	-69136.518975
2069	-69114.547218
2070	-69134.476612
2071	-69126.999093
2072	-69074.561339
2073	-69126.434249
2074	-69154.617823
2075	-69068.603702
2076	-69090.759034
2077	-69072.815519
2078	-69066.589581
2079	-69074.434249
2080	-69056.278917
2081	-69084.744913
2082	-69088.674308
2083	-69089.239152
2084	-69103.366241
2085	-69063.281515
2086	-69037.097941
2087	-69055.507452
2088	-69111.535695
2089	-69097.521574
2090	-69133.775753
2091	-69139.126183
2092	-69099.069698
2093	-69117.182667
2094	-69131.281515
2095	-69111.563937
2096	-69111.874601
2097	-69097.281515
2098	-69113.112062
2099	-69126.815519
2100	-69105.521574
2101	-69102.157023
2102	-69094.524172
2103	-69114.510051
2104	-69047.018410
2105	-69081.089016
2106	-69111.314953
2107	-69145.625617
2108	-69117.456164
2109	-69129.272590
2110	-69115.216106
2111	-69067.272590
2112	-69095.456164
2113	-69046.623019
2114	-69036.312355
2115	-69086.608898
2116	-69092.637140
2117	-69094.510051
2118	-69110.312355
2119	-69132.284113
2120	-69134.566535
2121	-69124.015812
2122	-69069.931085
2123	-69047.761632
2124	-69068.495929
2125	-69100.510051
2126	-69130.255871
2127	-69105.761632
2128	-69073.380363
2129	-69109.747511
2130	-69099.789874
2131	-69086.001691
2132	-69067.549816
2133	-69037.408605
2134	-69107.281515
2135	-69153.465089
2136	-69097.549816
2137	-69087.493331
2138	-69041.549816
2139	-69113.818117
2140	-69091.874601
2141	-69064.552414
2142	-69097.032531
2143	-69099.314953
2144	-69079.526770
2145	-69045.413801
2146	-69063.569133
2147	-69077.583254
2148	-69039.597375
2149	-69085.540891
2150	-69062.261067
2151	-69098.416399
2152	-69052.430520
2153	-69101.517845
2154	-69125.447239
2155	-69119.588450
2156	-69066.698821
2157	-69057.051849
2158	-69076.430520
2159	-69060.133977
2160	-69049.780950
2161	-69069.738586
2162	-69083.893918
2163	-69086.035129
2164	-69118.529368
2165	-69112.317551
2166	-69094.091614
2167	-69112.063372
2168	-69097.978645
2169	-69166.176340
2170	-69092.133977
2171	-69126.204583
2172	-69076.501126
2173	-69124.515247
2174	-69096.840032
2175	-69116.995364
2176	-69020.472883
2177	-69102.967122
2178	-69131.475482
2179	-69161.447239
2180	-69100.840032
2181	-69093.051849
2182	-69129.687298
2183	-69147.786146
2184	-69115.122454
2185	-69094.953001
2186	-69102.458762
2187	-69060.557610
2188	-69093.376634
2189	-69085.574329
2190	-69123.503724
2191	-69087.009485
2192	-69106.825911
2193	-69076.571731
2194	-69068.614094
2195	-69072.557610
2196	-69092.684700
2197	-69096.133977
2198	-69089.512649
2199	-69119.329074
2200	-69131.625617
2201	-69109.555012
2202	-69129.879797
2203	-69105.399680
2204	-69071.244348
2205	-69075.555012
2206	-69073.357317
2207	-69083.286711
2208	-69057.258469
2209	-69097.936282
2210	-69126.105735
2211	-69102.275188
2212	-69146.599973
2213	-69106.162219
2214	-69160.614094
2215	-69112.599973
2216	-69126.388157
2217	-69096.303430
2218	-69088.006887
2219	-69079.851555
2220	-69115.936282
2221	-69096.049250
2222	-69096.317551
2223	-69074.359915
2224	-69094.614094
2225	-69082.924759
2226	-69070.585852
2227	-69084.430520
2228	-69042.571731
2229	-69086.938880
2230	-69085.164817
2231	-69115.136575
2232	-69044.543489
2233	-69119.164817
2234	-69077.080091
2235	-69107.136575
2236	-69090.769427
2237	-69061.263665
2238	-69101.644935
2239	-69071.659056
2240	-69131.461360
2241	-69120.981243
2242	-69099.207181
2243	-69062.543489
2244	-69098.769427
2245	-69060.684700
2246	-69081.291907
2247	-69059.291907
2248	-69080.727063
2249	-69122.811790
2250	-69118.642337
2251	-69094.599973
2252	-69096.571731
2253	-69074.133977
2254	-69090.218704
2255	-69057.865676
2256	-69132.133977
2257	-69102.105735
2258	-69115.851555
2259	-69109.780950
2260	-69119.639739
2261	-69089.244348
2262	-69101.258469
2263	-69135.823313
2264	-69097.950403
2265	-69083.682102
2266	-69068.105735
2267	-69065.569133
2268	-69095.244348
2269	-69067.201984
2270	-69087.103137
2271	-69072.877199
2272	-69068.933684
2273	-69101.300832
2274	-69139.442043
2275	-69107.272590
2276	-69109.314953
2277	-69072.863078
2278	-69055.159621
2279	-69064.764230
2280	-69108.707746
2281	-69094.298234
2282	-69049.761632
2283	-69084.100539
2284	-69099.606300
2285	-69083.549816
2286	-69069.535695
2287	-69038.199386
2288	-69078.340597
2289	-69081.973449
2290	-69094.255871
2291	-69058.171144
2292	-69042.171144
2293	-69076.029933
2294	-69090.015812
2295	-69094.340597
2296	-69114.255871
2297	-69106.679504
2298	-69076.947805
2299	-69087.540891
2300	-69083.978645
2301	-69133.780950
2302	-69109.865676
2303	-69093.625617
2304	-69104.232825
2305	-69076.077493
2306	-69019.851555
2307	-69083.512649
2308	-69061.625617
2309	-69059.653860
2310	-69123.908039
2311	-69089.893918
2312	-69101.667981
2313	-69103.851555
2314	-69105.738586
2315	-69123.710344
2316	-69145.371438
2317	-69141.413801
2318	-69084.961926
2319	-69097.357317
2320	-69109.738586
2321	-69065.667981
2322	-69063.936282
2323	-69076.458762
2324	-69024.416399
2325	-69046.656458
2326	-69117.009485
2327	-69091.489603
2328	-69065.743782
2329	-69089.913236
2330	-69050.167415
2331	-69087.997962
2332	-69131.588450
2333	-69101.560208
2334	-69131.404876
2335	-69100.967122
2336	-69094.910638
2337	-69050.571731
2338	-69096.571731
2339	-69088.741184
2340	-69086.599973
2341	-69066.840032
2342	-69115.376634
2343	-69083.080091
2344	-69143.433118
2345	-69139.574329
2346	-69127.546087
2347	-69069.461360
2348	-69109.687298
2349	-69086.294505
2350	-69104.026204
2351	-69053.828509
2352	-69037.489603
2353	-68981.461360
2354	-69081.673177
2355	-69057.404876
2356	-69103.390755
2357	-69099.588450
2358	-69109.913236
2359	-69122.252142
2360	-69090.110931
2361	-69082.605170
2362	-69088.675775
2363	-69054.548685
2364	-69040.435716
2365	-69066.238021
2366	-69037.673177
2367	-69079.828509
2368	-69109.927357
2369	-69109.899115
2370	-69045.320149
2371	-69085.277786
2372	-69091.673177
2373	-69045.433118
2374	-69076.026204
2375	-69087.715540
2376	-69109.814388
2377	-69045.757904
2378	-69031.630814
2379	-69100.012083
2380	-69127.927357
2381	-69071.602571
2382	-69059.899115
2383	-69107.842630
2384	-69113.899115
2385	-69093.531966
2386	-69071.884993
2387	-69055.955599
2388	-69112.280384
2389	-69142.449837
2390	-69086.633412
2391	-69078.718138
2392	-69110.760502
2393	-69118.506322
2394	-69108.421595
2395	-69082.548685
2396	-69088.915834
2397	-69122.859349
2398	-69090.732259
2399	-69080.534564
2400	-69074.308626
2401	-69096.831107
2402	-69048.958197
2403	-69133.268861
2404	-69122.675775
2405	-69104.463959
2406	-69098.675775
2407	-69117.141771
2408	-69127.240619
2409	-69060.986439
2410	-69074.929955
2411	-69070.958197
2412	-69085.395951
2413	-69074.901713
2414	-69021.141771
2415	-69063.353588
2416	-69073.438314
2417	-69045.410072
2418	-69105.325346
2419	-69067.014681
2420	-69036.732259
2421	-69041.170014
2422	-69087.508920
2423	-69131.833705
2424	-69129.904311
2425	-69165.876069
2426	-69113.664252
2427	-69101.791342
2428	-69085.395951
2429	-69107.650131
2430	-69099.494799
2431	-69125.861947
2432	-69069.311225
2433	-69113.339467
2434	-69131.494799
2435	-69079.099408
2436	-69121.198256
2437	-69089.170014
2438	-69115.678373
2439	-69137.777221
2440	-69047.734858
2441	-69073.805463
2442	-69066.158491
2443	-69054.144369
2444	-69058.200854
2445	-69052.045522
2446	-69036.144369
2447	-69042.483276
2448	-69062.257338
2449	-69076.370307
2450	-69044.412670
2451	-69038.497397
2452	-69124.921030
2453	-69093.118725
2454	-69145.048120
2455	-69143.175210
2456	-69103.033999
2457	-69122.850424
2458	-69147.231694
2459	-69149.316421
2460	-69087.189331
2461	-69087.146968
2462	-69145.514116
2463	-69097.358784
2464	-69089.062241
2465	-69121.302300
2466	-69107.330542
2467	-69073.443511
2468	-69069.358784
2469	-69110.850424
2470	-69047.161089
2471	-69097.132846
2472	-69079.090483
2473	-69105.612964
2474	-69097.627085
2475	-69087.697690
2476	-69099.853023
2477	-69108.008355
2478	-69075.471753
2479	-69109.259936
2480	-69086.779819
2481	-69072.892788
2482	-69109.161089
2483	-69035.443511
2484	-69041.302300
2485	-69107.344663
2486	-69121.429390
2487	-69119.754175
2488	-69170.036597
2489	-69119.401147
2490	-69155.344663
2491	-69049.132846
2492	-69067.005757
2493	-69093.118725
2494	-69091.401147
2495	-69113.429390
2496	-69125.867144
2497	-69085.810659
2498	-69134.078960
2499	-69110.587320
2500	-69148.234292
2501	-69052.375503
2502	-69080.389624
2503	-69110.502593
2504	-69106.940347
2505	-69090.841500
2506	-69105.363980
2507	-69123.180406
2508	-69086.756773
2509	-69079.335738
2510	-69125.392223
2511	-69084.248413
2512	-69080.121324
2513	-69104.629683
2514	-69136.191929
2515	-69089.838901
2516	-69107.711812
2517	-69049.923628
2518	-69051.542358
2519	-69089.330542
2520	-69085.401147
2521	-69119.612964
2522	-69093.542358
2523	-69089.387026
2524	-69069.443511
2525	-69085.740054
2526	-69057.641206
2527	-69080.107202
2528	-69094.319019
2529	-69090.431988
2530	-69140.559078
2531	-69054.248413
2532	-69030.064839
2533	-69068.375503
2534	-69034.643804
2535	-69083.095679
2536	-69084.319019
2537	-69102.163687
2538	-69094.121324
2539	-69120.191929
2540	-69116.022476
2541	-69067.542358
2542	-69047.669448
2543	-69076.064839
2544	-69032.206050
2545	-69034.446109
2546	-69062.262535
2547	-69082.008355
2548	-69097.994234
2549	-69065.711812
2550	-69108.050718
2551	-69106.078960
2552	-69075.994234
2553	-69081.782417
2554	-69127.796538
2555	-69119.867144
2556	-69093.725933
2557	-69089.810659
2558	-69116.008355
2559	-69091.965991
2560	-69036.078960
2561	-69080.319019
2562	-69051.782417
2563	-69077.838901
2564	-69093.824780
2565	-69067.697690
2566	-69105.740054
2567	-69049.683569
2568	-69085.711812
2569	-69099.471753
2570	-69107.697690
2571	-69067.824780
2572	-69031.711812
2573	-69068.304898
2574	-69094.516714
2575	-69070.629683
2576	-69064.417867
2577	-69102.770894
2578	-69038.403746
2579	-69106.333140
2580	-69144.502593
2581	-69116.191929
2582	-69109.951870
2583	-69090.304898
2584	-69080.177808
2585	-69082.304898
2586	-69094.587320
2587	-69058.728531
2588	-69028.968590
2589	-69008.982711
2590	-69056.940347
2591	-69073.067437
2592	-69049.392223
2593	-69075.406344
2594	-69083.759371
2595	-69077.547555
2596	-69075.618160
2597	-69106.084156
2598	-69079.985309
2599	-69039.660523
2600	-69031.632281
2601	-69061.575797
2602	-69071.476949
2603	-69046.041793
2604	-69041.745250
2605	-69037.886461
2606	-69089.759371
2607	-69045.787613
2608	-69140.479547
2609	-69096.140641
2610	-69092.634879
2611	-69048.380700
2612	-69084.168883
2613	-69075.688766
2614	-69063.491070
2615	-69105.759371
2616	-69061.914703
2617	-69102.225367
2618	-69140.705485
2619	-69066.606637
2620	-69097.100876
2621	-69030.959665
2622	-69054.959665
2623	-69100.761969
2624	-69076.620758
2625	-69026.945544
2626	-69006.451305
2627	-69030.592516
2628	-69068.479547
2629	-69039.999430
2630	-69026.126520
2631	-69029.618160
2632	-69014.154762
2633	-69106.663122
2634	-69050.592516
2635	-69048.987907
2636	-69072.945544
2637	-69082.550153
2638	-69106.903180
2639	-69046.705485
2640	-69110.677243
2641	-69058.338336
2642	-69054.761969
2643	-69006.041793
2644	-69068.295973
2645	-69074.253610
2646	-69058.084156
2647	-69083.858219
2648	-69115.717008
2649	-69119.321617
2650	-69157.321617
2651	-69114.742652
2652	-69072.389624
2653	-69068.107202
2654	-69058.290777
2655	-69014.686168
2656	-69042.107202
2657	-69068.474351
2658	-69116.615562
2659	-69098.799136
2660	-69076.883863
2661	-69113.378101
2662	-69057.392223
2663	-69053.123922
2664	-69052.996832
2665	-69093.363980
2666	-69085.321617
2667	-69101.236890
2668	-69111.646402
2669	-69077.434586
2670	-69101.462828
2671	-69127.575797
2672	-69126.027672
2673	-69084.013551
2674	-69112.013551
2675	-69096.394821
2676	-69064.324215
2677	-69044.027672
2678	-69022.168883
2679	-69026.013551
2680	-69055.914703
2681	-69073.928824
2682	-69110.423063
2683	-69078.507789
2684	-69066.380700
2685	-69044.098278
2686	-69085.844098
2687	-69087.928824
2688	-69099.660523
2689	-69045.858219
2690	-69063.844098
2691	-69068.437184
2692	-69086.394821
2693	-69136.253610
2694	-69086.451305
2695	-69070.140641
2696	-69087.886461
2697	-69116.084156
2698	-69129.900582
2699	-69033.759371
2700	-69045.688766
2701	-69063.519312
2702	-69119.251012
2703	-69095.265133
2704	-69097.759371
2705	-69135.702887
2706	-69109.378101
2707	-69107.787613
2708	-69077.787613
2709	-69061.604039
2710	-69077.476949
2711	-69083.363980
2712	-69049.166285
2713	-69047.152164
2714	-69053.307496
2715	-69101.265133
2716	-69107.335738
2717	-69075.575797
2718	-69039.293375
2719	-69083.392223
2720	-69093.293375
2721	-69085.236890
2722	-69083.053316
2723	-69074.474351
2724	-69010.714410
2725	-69006.587320
2726	-69049.138043
2727	-69038.841500
2728	-69066.417867
2729	-69051.782417
2730	-69061.598843
2731	-69088.836303
2732	-69064.822182
2733	-69072.935151
2734	-69094.426791
2735	-69108.243217
2736	-69079.946674
2737	-69103.946674
2738	-69071.989037
2739	-69120.553881
2740	-69130.285580
2741	-69120.271459
2742	-69124.426791
2743	-69082.130248
2744	-69100.638608
2745	-69076.271459
2746	-69111.890190
2747	-69090.031401
2748	-69097.946674
2749	-69059.819584
2750	-69085.706615
2751	-69083.579525
2752	-69107.763100
2753	-69047.438314
2754	-69077.748979
2755	-69059.593647
2756	-69091.579525
2757	-69083.452436
2758	-69119.861947
2759	-69101.734858
2760	-69087.678373
2761	-69074.144369
2762	-69106.469155
2763	-69067.946674
2764	-68977.777221
2765	-69039.480678
2766	-69023.452436
2767	-69080.229096
2768	-69060.229096
2769	-69074.553881
2770	-69076.666850
2771	-69022.271459
2772	-69032.116127
2773	-69016.511518
2774	-69056.313823
2775	-69058.568002
2776	-69044.271459
2777	-69088.610366
2778	-69044.666850
2779	-69063.274057
2780	-69095.485874
2781	-69115.401147
2782	-69043.245815
2783	-69019.217573
2784	-69087.203452
2785	-69115.330542
2786	-69100.022476
2787	-68994.333140
2788	-69032.601441
2789	-69080.234292
2790	-69094.516714
2791	-69056.897984
2792	-69062.319019
2793	-69044.446109
2794	-69102.319019
2795	-69106.276656
2796	-69120.290777
2797	-69034.333140
2798	-69078.375503
2799	-69072.403746
2800	-69088.078960
2801	-69106.135445
2802	-69087.584722
2803	-69131.641206
2804	-69127.627085
2805	-69136.050718
2806	-69103.711812
2807	-69133.867144
2808	-69111.853023
2809	-69087.372905
2810	-69035.217573
2811	-69060.864546
2812	-69147.217573
2813	-69128.511518
2814	-69144.906909
2815	-69143.132846
2816	-69113.189331
2817	-69074.991635
2818	-69059.259936
2819	-69081.429390
2820	-69075.471753
2821	-69071.344663
2822	-69057.641206
2823	-69043.627085
2824	-69017.344663
2825	-69063.344663
2826	-69037.542358
2827	-69058.036597
2828	-69043.965991
2829	-69065.725933
2830	-69069.796538
2831	-69073.161089
2832	-69115.330542
2833	-69069.443511
2834	-69049.810659
2835	-69041.782417
2836	-69026.036597
2837	-69026.220171
2838	-69056.629683
2839	-69096.333140
2840	-69081.853023
2841	-69049.189331
2842	-69071.401147
2843	-69083.669448
2844	-69101.881265
2845	-69078.107202
2846	-69076.319019
2847	-69070.107202
2848	-69079.683569
2849	-69075.542358
2850	-69043.641206
2851	-69081.669448
2852	-69089.782417
2853	-69047.358784
2854	-69057.401147
2855	-69037.274057
2856	-69069.725933
2857	-69041.598843
2858	-69068.135445
2859	-69046.587320
2860	-69082.559078
2861	-69086.050718
2862	-69073.796538
2863	-69070.022476
2864	-69079.796538
2865	-69111.796538
2866	-69086.093081
2867	-69047.951870
2868	-69025.725933
2869	-69069.316421
2870	-69082.991635
2871	-69086.991635
2872	-69069.274057
2873	-69141.528237
2874	-69079.019878
2875	-69086.638608
2876	-69046.497397
2877	-69082.737456
2878	-69126.892788
2879	-69094.864546
2880	-69091.090483
2881	-69073.189331
2882	-69048.808061
2883	-69113.175210
2884	-69041.288179
2885	-69102.064839
2886	-69147.612964
2887	-69136.093081
2888	-69069.937749
2889	-69091.274057
2890	-69053.471753
2891	-69095.274057
2892	-69088.906909
2893	-69104.949272
2894	-69083.104604
2895	-69093.401147
2896	-68987.259936
2897	-69047.274057
2898	-69074.963393
2899	-69075.005757
2900	-69114.991635
2901	-69079.245815
2902	-69090.610366
2903	-69070.412670
2904	-69096.356186
2905	-69086.779819
2906	-69098.977514
2907	-69149.118725
2908	-69074.582124
2909	-69074.610366
2910	-69080.666850
2911	-69078.426791
2912	-69058.017280
2913	-69064.342065
2914	-69078.511518
2915	-69124.779819
2916	-69084.455034
2917	-69048.906909
2918	-69048.440913
2919	-69074.779819
2920	-69006.921030
2921	-69022.808061
2922	-68988.497397
2923	-69046.370307
2924	-69068.737456
2925	-69030.483276
2926	-69082.553881
2927	-69076.271459
2928	-69110.610366
2929	-69094.299702
2930	-69082.130248
2931	-69043.763100
2932	-69070.003158
2933	-69123.720736
2934	-69111.565404
2935	-69069.452436
2936	-69093.621889
2937	-69079.381830
2938	-69069.748979
2939	-69088.003158
2940	-69081.621889
2941	-69069.339467
2942	-69089.113529
2943	-69089.523041
2944	-69103.494799
2945	-69089.438314
2946	-69093.494799
2947	-69057.508920
2948	-69098.045522
2949	-69072.045522
2950	-69090.243217
2951	-69112.144369
2952	-69065.904311
2953	-69048.327944
2954	-69068.172612
2955	-69043.946674
2956	-69050.144369
2957	-69096.539760
2958	-69092.511518
2959	-69099.946674
2960	-69057.607768
2961	-69063.720736
2962	-69097.593647
2963	-69060.144369
2964	-68995.763100
2965	-69066.229096
2966	-69128.426791
2967	-69086.327944
2968	-69104.624487
2969	-69080.271459
2970	-69090.680971
2971	-69106.624487
2972	-69092.327944
2973	-69082.073764
2974	-69106.313823
2975	-69108.370307
2976	-69062.186733
2977	-69089.692494
2978	-69107.890190
2979	-69135.833705
2980	-69100.031401
2981	-69098.469155
2982	-69046.610366
2983	-69042.102006
2984	-69016.285580
2985	-69064.299702
2986	-69130.426791
2987	-69082.116127
2988	-69108.610366
2989	-69116.596245
2990	-69090.596245
2991	-69107.288179
2992	-69110.808061
2993	-69088.525639
2994	-69060.709213
2995	-69106.836303
2996	-69108.935151
2997	-69127.104604
2998	-69086.709213
2999	-69112.793940
3000	-69104.864546
3001	-69101.429390
3002	-69105.090483
3003	-69092.412670
3004	-69114.779819
3005	-69120.313823
3006	-69131.861947
3007	-69145.819584
3008	-69125.833705
3009	-69083.410072
3010	-69069.141771
3011	-69097.240619
3012	-69115.551283
3013	-69130.944076
3014	-69065.212377
3015	-69053.127650
3016	-69083.042924
3017	-69097.268861
3018	-69063.170014
3019	-69065.395951
3020	-69044.887592
3021	-69090.506322
3022	-69044.548685
3023	-69076.350990
3024	-69112.379232
3025	-69068.661654
3026	-69052.167415
3027	-69096.012083
3028	-69122.647533
3029	-69104.944076
3030	-69104.958197
3031	-69062.944076
3032	-69123.268861
3033	-69091.240619
3034	-69073.480678
3035	-69105.650131
3036	-69077.099408
3037	-69078.845228
3038	-69099.028803
3039	-69100.802865
3040	-69088.661654
3041	-69052.238021
3042	-69094.040326
3043	-69048.139173
3044	-69040.082689
3045	-69086.012083
3046	-69114.195658
3047	-69078.350990
3048	-69110.365111
3049	-69128.110931
3050	-69101.602571
3051	-69030.882395
3052	-69077.065970
3053	-69052.797669
3054	-69057.908039
3055	-69057.908039
3056	-69125.964524
3057	-69162.021008
3058	-69089.837434
3059	-69097.964524
3060	-69141.922161
3061	-69091.498528
3062	-69071.823313
3063	-69031.837434
3064	-69106.063372
3065	-69110.416399
3066	-69086.190461
3067	-69140.811790
3068	-69082.684700
3069	-69050.967122
3070	-69096.741184
3071	-69120.684700
3072	-69122.868274
3073	-69094.599973
3074	-69125.051849
3075	-69124.896516
3076	-69127.277786
3077	-69060.797669
3078	-69066.331672
3079	-69058.289309
3080	-69076.585852
3081	-69084.656458
3082	-69090.769427
3083	-69100.472883
3084	-69092.289309
3085	-69074.232825
3086	-69108.741184
3087	-69085.080091
3088	-69064.811790
3089	-69064.105735
3090	-69114.515247
3091	-69124.261067
3092	-69069.724465
3093	-69118.190461
3094	-69071.936282
3095	-69093.795071
3096	-69077.682102
3097	-69055.738586
3098	-69086.176340
3099	-69091.893918
3100	-69081.569133
3101	-69148.148098
3102	-69136.331672
3103	-69085.922161
3104	-69081.992766
3105	-69063.682102
3106	-69055.555012
3107	-69087.710344
3108	-69111.696223
3109	-69107.597375
3110	-69095.470285
3111	-69103.667981
3112	-69155.427922
3113	-69056.961926
3114	-69065.216106
3115	-69071.159621
3116	-69063.837434
3117	-69047.555012
3118	-69097.314953
3119	-69113.032531
3120	-69081.667981
3121	-69094.133977
3122	-69065.879797
3123	-69095.738586
3124	-69105.667981
3125	-69111.667981
3126	-69108.232825
3127	-69134.261067
3128	-69110.487005
3129	-69086.232825
3130	-69102.317551
3131	-69064.317551
3132	-69058.021008
3133	-69096.105735
3134	-69124.374036
3135	-69108.133977
3136	-69112.416399
3137	-69120.345794
3138	-69088.021008
3139	-69081.879797
3140	-69053.187863
3141	-69101.343195
3142	-69077.682102
3143	-69035.611496
3144	-69054.148098
3145	-69049.908039
3146	-69032.021008
3147	-69061.908039
3148	-69057.682102
3149	-69099.611496
3150	-69125.879797
3151	-69125.893918
3152	-69143.696223
3153	-69105.936282
3154	-69093.569133
3155	-69154.006887
3156	-69103.413801
3157	-69083.653860
3158	-69106.374036
3159	-69061.752707
3160	-69137.766828
3161	-69126.359915
3162	-69128.303430
3163	-69104.091614
3164	-69102.119856
3165	-69082.049250
3166	-69031.809192
3167	-69052.246946
3168	-69058.712942
3169	-69077.178938
3170	-69099.644935
3171	-69123.659056
3172	-69125.969720
3173	-69099.461360
3174	-69116.012083
3175	-69078.421595
3176	-69047.531966
3177	-69037.884993
3178	-69033.644935
3179	-69061.546087
3180	-69059.037727
3181	-69098.642337
3182	-69060.458762
3183	-69014.374036
3184	-69064.825911
3185	-69109.291907
3186	-69091.503724
3187	-69113.150696
3188	-69131.334271
3189	-69108.840032
3190	-69070.656458
3191	-69089.348392
3192	-69068.868274
3193	-69115.334271
3194	-69089.277786
3195	-69103.560208
3196	-69097.433118
3197	-69115.913236
3198	-69134.040326
3199	-69145.842630
3200	-69089.249544
3201	-69079.249544
3202	-69086.458762
3203	-69104.021008
3204	-69099.893918
3205	-69063.526770
3206	-69091.964524
3207	-69045.555012
3208	-69105.597375
3209	-69063.413801
3210	-69053.103137
3211	-69077.117258
3212	-69123.145500
3213	-69113.201984
3214	-69117.343195
3215	-69139.809192
3216	-69131.427922
3217	-69097.117258
3218	-69125.173742
3219	-69109.089016
3220	-69118.608898
3221	-69081.032531
3222	-69092.665383
3223	-69068.001691
3224	-69065.846359
3225	-69083.479210
3226	-69103.902843
3227	-69133.860480
3228	-69126.142902
3229	-69063.931085
3230	-69088.185265
3231	-69074.058175
3232	-69112.227629
3233	-69089.803996
3234	-69089.959328
3235	-69119.846359
3236	-69106.171144
3237	-69056.354718
3238	-69095.620421
3239	-69095.818117
3240	-69083.422726
3241	-69049.182667
3242	-69074.914366
3243	-69021.168546
3244	-69075.055577
3245	-69065.013214
3246	-69047.013214
3247	-69155.027335
3248	-69170.970851
3249	-69130.984972
3250	-69141.154425
3251	-69061.027335
3252	-69126.914366
3253	-69101.013214
3254	-69088.787276
3255	-69064.744913
3256	-69094.631944
3257	-69112.702550
3258	-69104.702550
3259	-69084.942608
3260	-69075.041456
3261	-69058.349522
3262	-69092.702550
3263	-69058.589581
3264	-69098.815519
3265	-69056.335401
3266	-69074.561339
3267	-69070.335401
3268	-69078.603702
3269	-69078.773155
3270	-69087.281515
3271	-69107.380363
3272	-69077.267394
3273	-69105.225030
3274	-69051.620421
3275	-69033.083819
3276	-69081.479210
3277	-69083.832238
3278	-69063.691027
3279	-69040.340597
3280	-69062.340597
3281	-69034.213507
3282	-69074.510051
3283	-69068.100539
3284	-69071.719269
3285	-69084.157023
3286	-69030.298234
3287	-69110.608898
3288	-69102.481808
3289	-69102.284113
3290	-69082.157023
3291	-69096.128781
3292	-69112.157023
3293	-69142.284113
3294	-69140.566535
3295	-69084.255871
3296	-69126.058175
3297	-69098.100539
3298	-69076.157023
3299	-69104.411203
3300	-69106.538293
3301	-69087.385559
3302	-69061.456164
3303	-69069.145500
3304	-69133.526770
3305	-69151.272590
3306	-69143.357317
3307	-69123.780950
3308	-69121.329074
3309	-69120.961926
3310	-69115.004289
3311	-69105.216106
3312	-69089.512649
3313	-69067.371438
3314	-69079.173742
3315	-69074.905441
3316	-69046.834836
3317	-68994.707746
3318	-69010.905441
3319	-69045.103137
3320	-69072.947805
3321	-69087.300832
3322	-69115.357317
3323	-69151.484406
3324	-69111.526770
3325	-69113.258469
3326	-69124.905441
3327	-69111.032531
3328	-69113.498528
3329	-69107.286711
3330	-69055.272590
3331	-69094.820715
3332	-69137.201984
3333	-69169.145500
3334	-69173.427922
3335	-69105.427922
3336	-69101.357317
3337	-69066.820715
3338	-69078.665383
3339	-69162.552414
3340	-69098.326476
3341	-69078.552414
3342	-69078.820715
3343	-69109.272590
3344	-69174.077493
3345	-69124.218704
3346	-69072.374036
3347	-69106.317551
3348	-69097.795071
3349	-69077.314953
3350	-69091.427922
3351	-69095.682102
3352	-69033.470285
3353	-69121.738586
3354	-69084.119856
3355	-69098.275188
3356	-69097.738586
3357	-69133.837434
3358	-69139.484406
3359	-69103.103137
3360	-69094.933684
3361	-69078.495929
3362	-69094.481808
3363	-69090.764230
3364	-69106.425324
3365	-69068.707746
3366	-69076.707746
3367	-69088.961926
3368	-69114.750109
3369	-69100.128781
3370	-69112.128781
3371	-69051.874601
3372	-69080.086418
3373	-69078.058175
3374	-69130.227629
3375	-69138.114660
3376	-69025.521574
3377	-69105.465089
3378	-69121.408605
3379	-69111.761632
3380	-69057.493331
3381	-69087.225030
3382	-69089.267394
3383	-69045.239152
3384	-69039.366241
3385	-69061.380363
3386	-69115.973449
3387	-69104.114660
3388	-69118.001691
3389	-69092.086418
3390	-69044.142902
3391	-69154.453566
3392	-69079.761632
3393	-69099.747511
3394	-69111.676906
3395	-69149.987570
3396	-69077.465089
3397	-69089.959328
3398	-69093.620421
3399	-69060.284113
3400	-69036.806594
3401	-69068.961926
3402	-69079.103137
3403	-69135.399680
3404	-69076.990168
3405	-69054.820715
3406	-69083.145500
3407	-69063.032531
3408	-69067.442043
3409	-69079.879797
3410	-69045.597375
3411	-68994.848957
3412	-69015.216106
3413	-69065.187863
3414	-69087.385559
3415	-69060.651262
3416	-69070.637140
3417	-69086.679504
3418	-69048.580656
3419	-69102.467687
3420	-69072.298234
3421	-69070.255871
3422	-69088.044054
3423	-69116.608898
3424	-69086.933684
3425	-69116.806594
3426	-69096.806594
3427	-69080.947805
3428	-69068.594777
3429	-69060.651262
3430	-69133.018410
3431	-69078.905441
3432	-69074.933684
3433	-69062.707746
3434	-69112.792473
3435	-69097.117258
3436	-69113.286711
3437	-69097.272590
3438	-69107.413801
3439	-69127.413801
3440	-69141.696223
3441	-69099.413801
3442	-69099.442043
3443	-69099.272590
3444	-69103.498528
3445	-69081.046652
3446	-69072.679504
3447	-69121.230227
3448	-69155.244348
3449	-69139.004289
3450	-69100.792473
3451	-69116.453566
3452	-69102.566535
3453	-69112.792473
3454	-69176.524172
3455	-69126.171144
3456	-69098.185265
3457	-69088.425324
3458	-69078.679504
3459	-69076.128781
3460	-69090.439445
3461	-69110.411203
3462	-69122.340597
3463	-69096.566535
3464	-69092.298234
3465	-69110.029933
3466	-69128.213507
3467	-69170.735988
3468	-69098.637140
3469	-69110.411203
3470	-69092.580656
3471	-69086.905441
3472	-69088.693625
3473	-69072.453566
3474	-69053.959328
3475	-69054.142902
3476	-69096.721867
3477	-69088.919562
3478	-69050.538293
3479	-69108.481808
3480	-69104.637140
3481	-69062.255871
3482	-69072.058175
3483	-69045.648663
3484	-69031.959328
3485	-69053.578058
3486	-69090.999093
3487	-69105.295636
3488	-69107.366241
3489	-69129.493331
3490	-69091.027335
3491	-69096.744913
3492	-69114.801397
3493	-69118.886124
3494	-69086.363643
3495	-69058.674308
3496	-69052.603702
3497	-69034.631944
3498	-69130.406007
3499	-69042.067100
3500	-69061.276319
3501	-69081.502256
3502	-69068.095342
3503	-69122.434249
3504	-69106.490733
3505	-69090.857882
3506	-69113.013214
3507	-69088.942608
3508	-69127.239152
3509	-69101.267394
3510	-69061.112062
3511	-69105.154425
3512	-69108.928487
3513	-69065.154425
3514	-69107.479210
3515	-69073.196788
3516	-69089.775753
3517	-69103.902843
3518	-69093.832238
3519	-69125.761632
3520	-69137.888722
3521	-69107.733390
3522	-69101.761632
3523	-69094.801397
3524	-69095.069698
3525	-69101.479210
3526	-69121.112062
3527	-69076.829640
3528	-69128.335401
3529	-69114.363643
3530	-69106.321280
3531	-69100.533097
3532	-69098.349522
3533	-69120.518975
3534	-69094.349522
3535	-69072.010616
3536	-69121.685830
3537	-69126.349522
3538	-69100.688429
3539	-69050.490733
3540	-69064.349522
3541	-69117.041456
3542	-69136.872003
3543	-69079.069698
3544	-69071.027335
3545	-69053.097941
3546	-69081.097941
3547	-69033.535695
3548	-69077.902843
3549	-69150.792473
3550	-69114.397082
3551	-69110.495929
3552	-69135.860480
3553	-69141.719269
3554	-69131.465089
3555	-69105.592179
3556	-69099.705148
3557	-69155.902843
3558	-69119.818117
3559	-69086.171144
3560	-69104.580656
3561	-69140.467687
3562	-69106.481808
3563	-69128.326476
3564	-69115.959328
3565	-69137.973449
3566	-69147.987570
3567	-69161.973449
3568	-69128.142902
3569	-69116.086418
3570	-69134.044054
3571	-69077.733390
3572	-69101.450968
3573	-69107.041456
3574	-69133.168546
3575	-69106.547218
3576	-69130.335401
3577	-69086.631944
3578	-69080.660186
3579	-69116.984972
3580	-69114.589581
3581	-69102.928487
3582	-69121.380363
3583	-69145.465089
3584	-69121.154425
3585	-69117.493331
3586	-69155.648663
3587	-69185.931085
3588	-69107.803996
3589	-69098.269992
3590	-69126.213507
3591	-69098.086418
3592	-69074.100539
3593	-69114.171144
3594	-69059.945207
3595	-69097.916964
3596	-69103.902843
3597	-69059.931085
3598	-69100.086418
3599	-69095.818117
3600	-69085.818117
3601	-69137.733390
3602	-69141.874601
3603	-69083.705148
3604	-69093.493331
3605	-69103.761632
3606	-69093.860480
3607	-69115.846359
3608	-69133.620421
3609	-69069.408605
3610	-69087.309757
3611	-69075.719269
3612	-69043.450968
3613	-69067.337999
3614	-69117.733390
3615	-69151.563937
3616	-69141.860480
3617	-69113.874601
3618	-69081.832238
3619	-69164.284113
3620	-69122.142902
3621	-69059.450968
3622	-69093.013214
3623	-69134.872003
3624	-69152.561339
3625	-69178.547218
3626	-69126.321280
3627	-69097.770557
3628	-69077.572862
3629	-69053.474014
3630	-69076.151827
3631	-69102.038858
3632	-69086.759034
3633	-69133.812920
3634	-69095.742315
3635	-69137.699952
3636	-69089.883526
3637	-69117.586983
3638	-69113.459893
3639	-69133.022139
3640	-69091.878330
3641	-69142.499658
3642	-69074.471416
3643	-69154.782080
3644	-69122.951533
3645	-69120.852686
3646	-69142.810322
3647	-69132.612627
3648	-69082.909170
3649	-69094.400810
3650	-69136.471416
3651	-69128.810322
3652	-69121.219834
3653	-69125.177471
3654	-69144.852686
3655	-69126.965654
3656	-69126.556142
3657	-69124.697353
3658	-69088.188994
3659	-69094.019541
3660	-69155.737119
3661	-69133.708876
3662	-69156.287842
3663	-69066.259599
3664	-69102.542021
3665	-69168.513779
3666	-69129.892451
3667	-69157.369970
3668	-69131.214638
3669	-69130.734521
3670	-69181.073427
3671	-69189.327607
3672	-69125.482939
3673	-69155.369970
3674	-69149.440576
3675	-69193.553544
3676	-69127.186396
3677	-69084.932216
3678	-69069.002821
3679	-69105.327607
3680	-69117.299365
3681	-69129.341728
3682	-69117.384091
3683	-69103.454697
3684	-69085.257001
3685	-69145.242880
3686	-69143.299365
3687	-69107.440576
3688	-69117.793603
3689	-69121.567665
3690	-69161.482939
3691	-69125.327607
3692	-69111.341728
3693	-69101.186396
3694	-69149.186396
3695	-69109.595908
3696	-69137.793603
3697	-69161.595908
3698	-69085.624150
3699	-69149.285243
3700	-69123.073427
3701	-69070.946337
3702	-69122.663915
3703	-69134.762763
3704	-69136.861610
3705	-69060.522704
3706	-69088.635673
3707	-69150.819247
3708	-69136.028466
3709	-69115.633075
3710	-69119.505985
3711	-69117.873133
3712	-69110.183798
3713	-69120.070829
3714	-69144.084950
3715	-69152.070829
3716	-69116.240282
3717	-69088.155555
3718	-69104.310888
3719	-69128.508583
3720	-69035.816649
3721	-69105.802528
3722	-69183.265926
3723	-69151.251805
3724	-69129.181200
3725	-69137.025867
3726	-69151.082352
3727	-69136.969383
3728	-69082.263328
3729	-69106.291570
3730	-69078.475145
3731	-69139.054110
3732	-69119.407137
3733	-69137.011746
3734	-69147.068231
3735	-69104.658719
3736	-69140.729324
3737	-69092.051512
3738	-69098.079754
3739	-69128.362176
3740	-69116.093875
3741	-69104.023269
3742	-69138.023269
3743	-69127.740847
3744	-69125.529031
3745	-69177.359578
3746	-69127.303093
3747	-69115.218367
3748	-69081.416062
3749	-69119.218367
3750	-69157.176003
3751	-69133.006550
3752	-69119.317214
3753	-69123.373699
3754	-69135.387820
3755	-69163.246609
3756	-69138.992429
3757	-69108.822976
3758	-69154.766491
3759	-69137.063035
3760	-69129.642000
3761	-69115.839695
3762	-69111.938543
3763	-69151.726726
3764	-69157.938543
3765	-69095.670242
3766	-69133.642000
3767	-69127.514910
3768	-69133.769090
3769	-69148.178601
3770	-69120.079754
3771	-69148.235086
3772	-69186.178601
3773	-69159.853816
3774	-69142.305691
3775	-69160.277449
3776	-69142.009148
3777	-69134.150359
3778	-69145.966785
3779	-69123.853816
3780	-69156.305691
3781	-69148.150359
3782	-69131.867937
3783	-69089.698484
3784	-69077.726726
3785	-69081.995027
3786	-69150.658719
3787	-69116.701082
3788	-69122.672840
3789	-69079.039989
3790	-69093.393016
3791	-69085.491864
3792	-69075.661317
3793	-69119.661317
3794	-69145.308289
3795	-69147.265926
3796	-69073.901376
3797	-69092.099071
3798	-69146.296766
3799	-69148.028466
3800	-69107.901376
3801	-69156.296766
3802	-69140.296766
3803	-69142.282645
3804	-69106.367372
3805	-69140.268524
3806	-69166.649794
3807	-69156.762763
3808	-69094.508583
3809	-69134.903974
3810	-69150.663915
3811	-69142.678036
3812	-69132.593310
3813	-69168.903974
3814	-69118.621552
3815	-69127.073427
3816	-69157.313486
3817	-69112.918095
3818	-69133.468818
3819	-69163.878330
3820	-69122.259599
3821	-69126.598506
3822	-69126.612627
3823	-69126.132509
3824	-69124.019541
3825	-69218.287842
3826	-69126.146631
3827	-69122.273720
3828	-69122.414931
3829	-69158.344326
3830	-69134.273720
3831	-69118.245478
3832	-69068.188994
3833	-69080.118388
3834	-69104.923291
3835	-69171.318682
3836	-69145.657588
3837	-69129.036260
3838	-69162.965654
3839	-69143.135108
3840	-69134.937412
3841	-69122.188994
3842	-69171.807724
3843	-69151.525302
3844	-69153.497060
3845	-69193.680634
3846	-69157.765361
3847	-69163.638271
3848	-69177.934814
3849	-69187.581787
3850	-69143.497060
3851	-69127.482939
3852	-69109.539423
3853	-69117.525302
3854	-69121.948935
3855	-69107.765361
3856	-69113.497060
3857	-69085.299365
3858	-69082.805126
3859	-69124.861610
3860	-69144.889853
3861	-69150.903974
3862	-69138.946337
3863	-69116.974579
3864	-69112.452099
3865	-69116.452099
3866	-69126.748642
3867	-69164.649794
3868	-69098.268524
3869	-69132.508583
3870	-69127.031064
3871	-69134.833368
3872	-69108.367372
3873	-69146.607431
3874	-69144.663915
3875	-69160.409735
3876	-69136.423856
3877	-69114.240282
3878	-69115.887255
3879	-69155.943739
3880	-69145.746044
3881	-69089.322411
3882	-69093.534227
3883	-69108.296766
3884	-69096.395614
3885	-69116.381493
3886	-69082.381493
3887	-69166.155555
3888	-69107.336532
3889	-69173.774286
3890	-69109.562469
3891	-69117.689559
3892	-69133.971981
3893	-69093.590711
3894	-69139.265926
3895	-69155.590711
3896	-69159.746044
3897	-69117.647196
3898	-69155.548348
3899	-69129.675438
3900	-69145.915497
3901	-69125.929618
3902	-69169.802528
3903	-69183.520106
3904	-69139.378895
3905	-69107.195321
3906	-69103.265926
3907	-69110.983504
3908	-69133.237684
3909	-69158.969383
3910	-69169.096473
3911	-69200.856414
3912	-69100.573992
3913	-69108.602234
3914	-69124.842293
3915	-69147.181200
3916	-69134.757567
3917	-69128.828172
3918	-69134.715203
3919	-69140.983504
3920	-69179.181200
3921	-69153.039989
3922	-69121.449500
3923	-69125.068231
3924	-69080.969383
3925	-69068.446902
3926	-69076.446902
3927	-69124.051512
3928	-69135.938543
3929	-69110.079754
3930	-69101.514910
3931	-69107.176003
3932	-69174.724128
3933	-69154.568796
3934	-69156.950066
3935	-69103.147761
3936	-69163.430183
3937	-69172.766491
3938	-69161.599636
3939	-69117.401941
3940	-69067.176003
3941	-69079.190124
3942	-69085.684363
3943	-69120.079754
3944	-69094.093875
3945	-69121.924422
3946	-69161.769090
3947	-69149.783211
3948	-69160.136238
3949	-69143.698484
3950	-69155.176003
3951	-69113.514910
3952	-69133.147761
3953	-69150.978308
3954	-69116.512312
3955	-69128.964187
3956	-69141.147761
3957	-69102.865339
3958	-69065.048913
3959	-69059.373699
3960	-69089.063035
3961	-69125.288972
3962	-69163.288972
3963	-69141.472546
3964	-69137.359578
3965	-69141.006550
3966	-69158.935945
3967	-69111.387820
3968	-69073.331335
3969	-69064.738249
3970	-69089.246609
3971	-69141.274851
3972	-69124.978308
3973	-69147.006550
3974	-69083.020671
3975	-69109.529031
3976	-69152.009148
3977	-69120.009148
3978	-69117.938543
3979	-69095.853816
3980	-69107.543152
3981	-69155.670242
3982	-69129.458425
3983	-69093.345457
3984	-69151.684363
3985	-69131.754968
3986	-69101.246609
3987	-69090.978308
3988	-69107.034792
3989	-69117.105398
3990	-69127.401941
3991	-69115.430183
3992	-69119.769090
3993	-69125.952664
3994	-69115.740847
3995	-69146.009148
3996	-69155.684363
3997	-69103.642000
3998	-69129.373699
3999	-69177.627879
4000	-69171.670242
4001	-69155.430183
4002	-69150.865339
4003	-69137.034792
4004	-69127.204246
4005	-69104.992429
4006	-69109.176003
4007	-69121.458425
4008	-69119.401941
4009	-69147.274851
4010	-69173.769090
4011	-69127.783211
4012	-69175.938543
4013	-69176.517508
4014	-69152.319812
4015	-69164.475145
4016	-69132.390418
4017	-69138.319812
4018	-69192.249207
4019	-69143.514910
4020	-69163.585515
4021	-69135.514910
4022	-69165.656121
4023	-69097.825574
4024	-69063.924422
4025	-69099.599636
4026	-69157.896179
4027	-69176.164480
4028	-69177.952664
4029	-69207.952664
4030	-69149.430183
4031	-69173.274851
4032	-69165.260730
4033	-69135.020671
4034	-69156.851218
4035	-69196.611159
4036	-69144.597038
4037	-69152.710007
4038	-69136.837097
4039	-69162.752370
4040	-69172.653523
4041	-69157.119519
4042	-69142.978308
4043	-69165.119519
4044	-69199.133640
4045	-69181.204246
4046	-69199.303093
4047	-69171.034792
4048	-69194.752370
4049	-69110.710007
4050	-69110.611159
4051	-69090.653523
4052	-69107.119519
4053	-69145.077156
4054	-69127.218367
4055	-69090.935945
4056	-69151.105398
4057	-69155.020671
4058	-69138.879460
4059	-69132.992429
4060	-69121.077156
4061	-69124.964187
4062	-69159.105398
4063	-69124.597038
4064	-69158.385222
4065	-69158.851218
4066	-69134.300495
4067	-69132.131042
4068	-69140.385222
4069	-69160.032194
4070	-69186.554675
4071	-69170.738249
4072	-69148.582917
4073	-69146.808855
4074	-69134.738249
4075	-69186.611159
4076	-69120.469948
4077	-69110.582917
4078	-69098.484069
4079	-69064.780613
4080	-69066.794734
4081	-69082.950066
4082	-69066.752370
4083	-69140.469948
4084	-69166.342858
4085	-69174.300495
4086	-69148.469948
4087	-69180.088679
4088	-69166.032194
4089	-69201.890983
4090	-69121.975710
4091	-69136.060436
4092	-69132.018073
4093	-69122.258132
4094	-69140.074558
4095	-69149.848620
4096	-69142.159284
4097	-69110.371101
4098	-69132.159284
4099	-69101.820378
4100	-69043.820378
4101	-69047.707409
4102	-69108.074558
4103	-69124.413464
4104	-69142.003952
4105	-69130.102800
4106	-69136.088679
4107	-69109.947468
4108	-69134.427585
4109	-69102.272253
4110	-69144.851218
4111	-69122.102800
4112	-69102.102800
4113	-69112.385222
4114	-69076.371101
4115	-69110.752370
4116	-69050.611159
4117	-69170.964187
4118	-69159.119519
4119	-69159.684363
4120	-69167.712605
4121	-69113.698484
4122	-69099.472546
4123	-69133.218367
4124	-69095.260730
4125	-69123.218367
4126	-69133.401941
4127	-69171.599636
4128	-69191.896179
4129	-69147.359578
4130	-69114.893581
4131	-69122.865339
4132	-69129.006550
4133	-69125.430183
4134	-69109.500789
4135	-69086.978308
4136	-69101.288972
4137	-69083.416062
4138	-69111.514910
4139	-69083.613757
4140	-69111.627879
4141	-69115.218367
4142	-69137.359578
4143	-69145.599636
4144	-69133.740847
4145	-69111.387820
4146	-69127.486668
4147	-69083.486668
4148	-69149.642000
4149	-69161.783211
4150	-69135.754968
4151	-69125.444304
4152	-69145.500789
4153	-69205.712605
4154	-69147.331335
4155	-69159.176003
4156	-69125.246609
4157	-69169.458425
4158	-69135.500789
4159	-69103.401941
4160	-69133.288972
4161	-69112.611159
4162	-69080.455827
4163	-69154.046315
4164	-69130.568796
4165	-69090.314616
4166	-69106.328737
4167	-69144.258132
4168	-69096.060436
4169	-69166.272253
4170	-69152.201647
4171	-69149.989831
4172	-69145.848620
4173	-69149.707409
4174	-69141.509714
4175	-69137.693288
4176	-69122.215769
4177	-69096.173405
4178	-69112.116921
4179	-69099.961589
4180	-69113.806257
4181	-69154.385222
4182	-69160.822976
4183	-69175.063035
4184	-69167.331335
4185	-69183.500789
4186	-69129.331335
4187	-69118.724128
4188	-69160.978308
4189	-69168.978308
4190	-69152.921824
4191	-69192.724128
4192	-69158.300495
4193	-69156.060436
4194	-69149.636803
4195	-69164.102800
4196	-69148.498191
4197	-69148.356980
4198	-69112.003952
4199	-69161.919225
4200	-69234.018073
4201	-69182.060436
4202	-69164.187526
4203	-69148.032194
4204	-69127.919225
4205	-69155.665046
4206	-69157.707409
4207	-69135.509714
4208	-69139.326139
4209	-69121.001354
4210	-69132.704811
4211	-69152.987233
4212	-69082.196451
4213	-69154.281178
4214	-69122.450631
4215	-69140.154088
4216	-69161.716334
4217	-69150.125846
4218	-69119.942271
4219	-69138.111725
4220	-69079.815181
4221	-69167.659849
4222	-69147.476275
4223	-69143.970514
4224	-69124.507115
4225	-69092.252936
4226	-69100.224693
4227	-69141.885787
4228	-69176.182330
4229	-69218.210572
4230	-69196.154088
4231	-69132.436510
4232	-69118.182330
4233	-69148.591842
4234	-69118.662448
4235	-69144.295299
4236	-69086.012877
4237	-69080.365904
4238	-69066.210572
4239	-69050.083482
4240	-69146.224693
4241	-69136.182330
4242	-69090.210572
4243	-69092.182330
4244	-69142.846022
4245	-69146.930748
4246	-69146.676569
4247	-69144.450631
4248	-69126.507115
4249	-69140.464752
4250	-69138.563600
4251	-69126.521237
4252	-69106.605963
4253	-69152.831901
4254	-69150.577721
4255	-69162.154088
4256	-69148.097604
4257	-69130.747174
4258	-69205.015475
4259	-69179.170807
4260	-69157.552077
4261	-69141.495592
4262	-69151.340260
4263	-69235.622682
4264	-69219.820378
4265	-69187.424987
4266	-69135.029596
4267	-69091.100202
4268	-69151.255534
4269	-69145.057838
4270	-69151.199049
4271	-69126.916627
4272	-69108.507115
4273	-69102.309420
4274	-69114.690690
4275	-69128.521237
4276	-69154.507115
4277	-69162.309420
4278	-69178.168209
4279	-69110.196451
4280	-69088.139967
4281	-69130.295299
4282	-69119.688092
4283	-69137.448033
4284	-69123.532759
4285	-69121.815181
4286	-69191.871666
4287	-69157.871666
4288	-69135.914029
4289	-69171.631607
4290	-69151.518638
4291	-69205.603365
4292	-69111.645728
4293	-69148.111725
4294	-69161.716334
4295	-69159.843424
4296	-69135.899908
4297	-69115.688092
4298	-69109.885787
4299	-69129.843424
4300	-69111.786939
4301	-69125.857545
4302	-69093.320943
4303	-69133.264459
4304	-69115.320943
4305	-69141.207974
4306	-69150.996158
4307	-69150.685493
4308	-69152.233618
4309	-69130.275982
4310	-69157.951196
4311	-69115.654653
4312	-69174.092407
4313	-69154.177134
4314	-69120.304224
4315	-69094.021802
4316	-69078.784341
4317	-69075.024400
4318	-69114.826704
4319	-69086.304224
4320	-69129.010279
4321	-69105.490396
4322	-69165.772818
4323	-69111.109126
4324	-69121.193853
4325	-69120.869068
4326	-69124.756099
4327	-69112.261860
4328	-69132.346587
4329	-69164.318345
4330	-69156.544282
4331	-69148.699615
4332	-69114.530161
4333	-69171.179732
4334	-69195.349185
4335	-69153.236216
4336	-69133.109126
4337	-69191.306822
4338	-69174.925552
4339	-69072.473677
4340	-69136.233618
4341	-69152.261860
4342	-69176.163013
4343	-69157.894712
4344	-69137.527563
4345	-69155.160415
4346	-69161.188657
4347	-69172.849750
4348	-69174.821508
4349	-69122.411996
4350	-69106.652055
4351	-69128.299028
4352	-69166.652055
4353	-69144.652055
4354	-69152.623813
4355	-69166.637934
4356	-69154.129574
4357	-69196.284906
4358	-69110.171938
4359	-69139.188657
4360	-69104.694418
4361	-69102.779145
4362	-69038.510844
4363	-69064.454360
4364	-69146.765024
4365	-69090.736782
4366	-69112.708539
4367	-69088.087211
4368	-69116.299028
4369	-69076.482602
4370	-69090.793266
4371	-69074.553207
4372	-69170.793266
4373	-69102.454360
4374	-69076.524965
4375	-69120.482602
4376	-69100.609692
4377	-69137.019204
4378	-69110.341391
4379	-69160.849750
4380	-69108.680297
4381	-69046.877993
4382	-69098.510844
4383	-69076.524965
4384	-69104.595571
4385	-69116.143695
4386	-69133.141097
4387	-69121.423519
4388	-69074.943402
4389	-69090.802191
4390	-69120.788070
4391	-69139.098734
4392	-69159.324672
4393	-69181.607094
4394	-69187.635336
4395	-69179.578851
4396	-69141.748305
4397	-69145.621215
4398	-69135.804789
4399	-69160.383754
4400	-69122.299028
4401	-69134.299028
4402	-69102.143695
4403	-69119.734184
4404	-69083.691820
4405	-69085.324672
4406	-69111.056371
4407	-69147.028129
4408	-69146.915160
4409	-69114.999886
4410	-69068.971644
4411	-69135.381156
4412	-69129.790668
4413	-69182.044848
4414	-69202.228422
4415	-69139.847152
4416	-69160.242543
4417	-69097.804789
4418	-69149.691820
4419	-69133.494125
4420	-69087.352914
4421	-69082.872796
4422	-69103.338793
4423	-69101.042250
4424	-69141.098734
4425	-69159.112855
4426	-69131.748305
4427	-69127.762426
4428	-69148.129574
4429	-69136.087211
4430	-69123.776547
4431	-69109.522367
4432	-69067.381156
4433	-69163.465883
4434	-69171.465883
4435	-69151.889516
4436	-69144.016606
4437	-69111.451762
4438	-69133.776547
4439	-69115.522367
4440	-69125.536488
4441	-69145.197582
4442	-69143.084613
4443	-69169.550609
4444	-69147.169340
4445	-69133.338793
4446	-69083.451762
4447	-69114.999886
4448	-69102.858675
4449	-69096.562132
4450	-69118.830433
4451	-69138.675101
4452	-69162.378558
4453	-69146.548011
4454	-69162.660980
4455	-69160.759828
4456	-69132.759828
4457	-69142.773949
4458	-69128.632738
4459	-69094.915160
4460	-69149.197582
4461	-69089.282308
4462	-69135.239945
4463	-69161.861273
4464	-69162.369633
4465	-69156.383754
4466	-69140.101332
4467	-69123.946000
4468	-69099.974242
4469	-69152.256664
4470	-69154.609692
4471	-69172.567328
4472	-69144.327270
4473	-69112.002484
4474	-69084.002484
4475	-69120.143695
4476	-69192.708539
4477	-69134.877993
4478	-69136.680297
4479	-69115.245141
4480	-69109.555805
4481	-69098.092407
4482	-69120.021802
4483	-69146.191255
4484	-69146.374829
4485	-69164.473677
4486	-69138.727857
4487	-69156.657251
4488	-69118.360708
4489	-69164.600767
4490	-69132.713736
4491	-69136.784341
4492	-69171.109126
4493	-69131.010279
4494	-69114.939673
4495	-69108.106528
4496	-69087.767622
4497	-69115.725259
4498	-69146.614888
4499	-69176.826704
