0	-70968.576684
1	-70860.552223
2	-70644.503300
3	-70788.535915
4	-70752.527762
5	-70716.519608
6	-70752.519608
7	-70842.544069
8	-70860.552223
9	-70896.560377
10	-70896.560377
11	-70797.535915
12	-70905.560377
13	-70824.544069
14	-70932.568531
15	-70833.544069
16	-70824.544069
17	-70896.560377
18	-70725.511454
19	-70860.552223
20	-70752.527762
21	-70932.568531
22	-70716.519608
23	-70860.552223
24	-70689.511454
25	-70662.495147
26	-70698.511454
27	-70824.544069
28	-70662.503300
29	-70680.511454
30	-70698.511454
31	-70824.544069
32	-70824.544069
33	-70806.527762
34	-70788.535915
35	-70626.495147
36	-70752.527762
37	-70680.511454
38	-70860.552223
39	-70788.535915
40	-70752.527762
41	-70752.519608
42	-70644.503300
43	-70716.519608
44	-70860.552223
45	-70788.535915
46	-70797.535915
47	-70752.527762
48	-70662.503300
49	-70797.535915
50	-70788.535915
51	-70689.511454
52	-70734.519608
53	-70689.511454
54	-70608.495147
55	-70788.535915
56	-70824.544069
57	-70572.486993
58	-70824.544069
59	-70698.511454
60	-70770.527762
61	-70824.544069
62	-70734.519608
63	-70770.527762
64	-70896.560377
65	-70860.552223
66	-70824.544069
67	-70932.568531
68	-70680.511454
69	-70860.552223
70	-70788.535915
71	-70680.503300
72	-70608.495147
73	-70752.527762
74	-70797.535915
75	-70896.560377
76	-70752.527762
77	-70734.519608
78	-70860.552223
79	-70716.519608
80	-70716.519608
81	-70833.544069
82	-70608.486993
83	-70761.527762
84	-70824.544069
85	-70761.519608
86	-70581.478839
87	-70788.519608
88	-70752.527762
89	-70608.486993
90	-70806.535915
91	-70869.552223
92	-70725.519608
93	-70725.519608
94	-70788.535915
95	-70644.495147
96	-70581.478839
97	-70608.486993
98	-70869.552223
99	-70752.519608
100	-70824.544069
101	-70824.544069
102	-70788.535915
103	-70734.511454
104	-70878.552223
105	-70725.519608
106	-70824.544069
107	-70680.511454
108	-70869.552223
109	-70743.519608
110	-70644.503300
111	-70482.454378
112	-70752.527762
113	-70779.519608
114	-70752.527762
115	-70788.535915
116	-70716.519608
117	-70788.535915
118	-70896.560377
119	-70860.552223
120	-70779.527762
121	-70788.535915
122	-70788.535915
123	-70788.535915
124	-70752.519608
125	-70896.560377
126	-70752.527762
127	-70860.552223
128	-70833.544069
129	-70752.527762
130	-70896.560377
131	-70788.535915
132	-70617.495147
133	-70869.552223
134	-70824.544069
135	-70824.544069
136	-70734.519608
137	-70725.511454
138	-70752.527762
139	-70644.503300
140	-70716.519608
141	-70788.535915
142	-70680.511454
143	-70788.535915
144	-70680.511454
145	-70833.544069
146	-70752.527762
147	-70716.519608
148	-70716.519608
149	-70788.535915
150	-70860.552223
151	-70788.535915
152	-70770.527762
153	-70806.535915
154	-70518.446224
155	-70707.511454
156	-70932.568531
157	-70806.535915
158	-70725.511454
159	-70752.527762
160	-70671.503300
161	-70824.544069
162	-70860.552223
163	-70644.503300
164	-70860.552223
165	-70734.519608
166	-70689.511454
167	-70896.560377
168	-70860.552223
169	-70788.535915
170	-70680.511454
171	-70788.535915
172	-70788.535915
173	-70833.544069
174	-70761.527762
175	-70860.552223
176	-70662.495147
177	-70680.511454
178	-70752.519608
179	-70752.527762
180	-70626.495147
181	-70716.519608
182	-70761.527762
183	-70734.519608
184	-70680.503300
185	-70644.503300
186	-70680.503300
187	-70860.552223
188	-70788.535915
189	-70761.527762
190	-70698.511454
191	-70806.535915
192	-70752.527762
193	-70644.503300
194	-70491.462531
195	-70860.552223
196	-70860.552223
197	-70689.486993
198	-70788.535915
199	-70752.527762
200	-70752.527762
201	-70824.544069
202	-70770.527762
203	-70824.544069
204	-70932.568531
205	-70752.527762
206	-70698.511454
207	-70680.503300
208	-70716.519608
209	-70806.535915
210	-70698.511454
211	-70752.527762
212	-70680.511454
213	-70752.527762
214	-70896.560377
215	-70698.495147
216	-70788.527762
217	-70833.544069
218	-70932.568531
219	-70788.535915
220	-70860.552223
221	-70734.519608
222	-70824.544069
223	-70770.527762
224	-70824.544069
225	-70788.535915
226	-70752.519608
227	-70896.560377
228	-70860.552223
229	-70824.544069
230	-70860.544069
231	-70869.552223
232	-70824.544069
233	-70707.511454
234	-70824.544069
235	-70824.544069
236	-70788.535915
237	-70761.527762
238	-70680.511454
239	-70770.527762
240	-70734.519608
241	-70788.535915
242	-70932.568531
243	-70824.544069
244	-70860.552223
245	-70824.544069
246	-70779.527762
247	-70788.535915
248	-70824.544069
249	-70788.535915
250	-70680.503300
251	-70752.527762
252	-70725.519608
253	-70725.511454
254	-70905.560377
255	-70788.535915
256	-70716.519608
257	-70896.560377
258	-70824.544069
259	-70896.560377
260	-70842.544069
261	-70842.544069
262	-70716.519608
263	-70770.527762
264	-70752.527762
265	-70797.535915
266	-70770.527762
267	-70698.511454
268	-70662.503300
269	-70824.544069
270	-70860.552223
271	-70716.519608
272	-70716.511454
273	-70824.544069
274	-70419.438070
275	-70716.519608
276	-70761.527762
277	-70860.552223
278	-70788.535915
279	-70680.511454
280	-70554.478839
281	-70716.519608
282	-70662.495147
283	-70896.560377
284	-70788.535915
285	-70788.535915
286	-70770.527762
287	-70842.544069
288	-70860.552223
289	-70716.519608
290	-70644.503300
291	-70824.535915
292	-70806.535915
293	-70716.519608
294	-70725.519608
295	-70743.519608
296	-70689.511454
297	-70788.535915
298	-70824.544069
299	-70770.527762
300	-70896.560377
301	-70725.519608
302	-70770.527762
303	-70662.495147
304	-70725.519608
305	-70716.519608
306	-70824.544069
307	-70797.535915
308	-70788.535915
309	-70752.527762
310	-70824.544069
311	-70896.560377
312	-70896.560377
313	-70824.544069
314	-70788.535915
315	-70833.544069
316	-70680.511454
317	-70806.535915
318	-70797.535915
319	-70734.519608
320	-70752.527762
321	-70824.544069
322	-70860.552223
323	-70680.511454
324	-70932.568531
325	-70896.560377
326	-70905.560377
327	-70878.552223
328	-70824.544069
329	-70788.535915
330	-70734.519608
331	-70788.535915
332	-70761.527762
333	-70824.544069
334	-70824.544069
335	-70734.503300
336	-70860.552223
337	-70716.519608
338	-70572.478839
339	-70761.527762
340	-70662.503300
341	-70752.527762
342	-70662.503300
343	-70824.544069
344	-70788.535915
345	-70608.495147
346	-70896.560377
347	-70770.527762
348	-70824.544069
349	-70833.544069
350	-70626.495147
351	-70788.535915
352	-70608.478839
353	-70797.527762
354	-70689.511454
355	-70662.503300
356	-70653.503300
357	-70464.446224
358	-70761.519608
359	-70572.470685
360	-70752.527762
361	-70860.552223
362	-70644.503300
363	-70716.519608
364	-70716.519608
365	-70788.535915
366	-70644.503300
367	-70932.568531
368	-70797.535915
369	-70824.544069
370	-70797.535915
371	-70698.511454
372	-70860.552223
373	-70446.454378
374	-70860.552223
375	-70860.552223
376	-70734.519608
377	-70734.519608
378	-70716.519608
379	-70752.519608
380	-70824.544069
381	-70680.511454
382	-70716.511454
383	-70662.503300
384	-70752.519608
385	-70860.552223
386	-70824.544069
387	-70680.511454
388	-70698.511454
389	-70824.544069
390	-70788.535915
391	-70716.519608
392	-70680.511454
393	-70896.560377
394	-70698.511454
395	-70860.552223
396	-70860.552223
397	-70725.519608
398	-70788.535915
399	-70752.527762
400	-70680.511454
401	-70941.568531
402	-70788.535915
403	-70860.552223
404	-70788.535915
405	-70860.552223
406	-70734.519608
407	-70680.511454
408	-70752.527762
409	-70896.560377
410	-70770.527762
411	-70716.519608
412	-70608.495147
413	-70896.560377
414	-70689.503300
415	-70779.527762
416	-70824.544069
417	-70554.478839
418	-70716.519608
419	-70698.511454
420	-70734.511454
421	-70734.519608
422	-70788.535915
423	-70932.568531
424	-70860.552223
425	-70716.519608
426	-70752.527762
427	-70752.527762
428	-70770.527762
429	-70716.519608
430	-70824.544069
431	-70716.519608
432	-70878.552223
433	-70896.560377
434	-70770.527762
435	-70932.568531
436	-70824.544069
437	-70932.568531
438	-70896.560377
439	-70527.462531
440	-70833.544069
441	-70833.544069
442	-70644.495147
443	-70896.560377
444	-70752.527762
445	-70824.544069
446	-70896.560377
447	-70824.544069
448	-70680.511454
449	-70896.560377
450	-70752.527762
451	-70788.535915
452	-70896.560377
453	-70824.544069
454	-70752.527762
455	-70878.552223
456	-70896.560377
457	-70734.519608
458	-70932.568531
459	-70770.519608
460	-70716.519608
461	-70842.544069
462	-70860.552223
463	-70752.527762
464	-70644.503300
465	-70716.511454
466	-70617.495147
467	-70653.503300
468	-70842.544069
469	-70716.519608
470	-70896.560377
471	-70788.535915
472	-70797.527762
473	-70572.486993
474	-70770.527762
475	-70716.511454
476	-70644.495147
477	-70644.495147
478	-70932.568531
479	-70788.535915
480	-70716.519608
481	-70860.552223
482	-70671.503300
483	-70689.511454
484	-70608.486993
485	-70824.544069
486	-70644.503300
487	-70824.544069
488	-70860.552223
489	-70788.535915
490	-70752.527762
491	-70824.544069
492	-70788.535915
493	-70842.544069
494	-70860.552223
495	-70707.511454
496	-70860.552223
497	-70752.527762
498	-70788.535915
499	-70752.527762
500	-70788.535915
501	-70752.527762
502	-70770.527762
503	-70896.560377
504	-70824.544069
505	-70896.560377
506	-70788.535915
507	-70734.519608
508	-70707.511454
509	-70662.503300
510	-70770.527762
511	-70752.527762
512	-70698.511454
513	-70788.535915
514	-70932.568531
515	-70752.527762
516	-70896.560377
517	-70698.511454
518	-70635.495147
519	-70824.544069
520	-70734.519608
521	-70716.519608
522	-70824.544069
523	-70644.503300
524	-70698.511454
525	-70752.527762
526	-70752.527762
527	-70752.527762
528	-70752.527762
529	-70842.544069
530	-70752.519608
531	-70788.535915
532	-70860.552223
533	-70626.495147
534	-70644.503300
535	-70680.503300
536	-70752.527762
537	-70752.527762
538	-70788.535915
539	-70797.527762
540	-70761.519608
541	-70860.552223
542	-70752.527762
543	-70860.552223
544	-70752.527762
545	-70806.535915
546	-70824.544069
547	-70716.519608
548	-70788.535915
549	-70806.535915
550	-70752.527762
551	-70788.535915
552	-70680.511454
553	-70860.552223
554	-70752.527762
555	-70752.527762
556	-70896.560377
557	-70896.560377
558	-70716.519608
559	-70797.535915
560	-70761.527762
561	-70653.503300
562	-70896.560377
563	-70788.527762
564	-70752.527762
565	-70770.527762
566	-70536.478839
567	-70752.527762
568	-70608.495147
569	-70860.552223
570	-70860.552223
571	-70680.511454
572	-70689.511454
573	-70698.511454
574	-70788.535915
575	-70770.527762
576	-70815.535915
577	-70617.495147
578	-70788.535915
579	-70860.552223
580	-70680.511454
581	-70770.519608
582	-70716.511454
583	-70860.552223
584	-70797.535915
585	-70698.511454
586	-70590.486993
587	-70662.503300
588	-70824.544069
589	-70716.519608
590	-70644.503300
591	-70932.568531
592	-70698.503300
593	-70680.511454
594	-70752.527762
595	-70788.535915
596	-70788.535915
597	-70824.544069
598	-70896.560377
599	-70680.511454
600	-70824.544069
601	-70896.560377
602	-70860.552223
603	-70734.519608
604	-70824.544069
605	-70680.503300
606	-70797.535915
607	-70752.519608
608	-70770.527762
609	-70680.511454
610	-70608.495147
611	-70689.511454
612	-70752.527762
613	-70824.544069
614	-70698.511454
615	-70752.527762
616	-70716.519608
617	-70752.527762
618	-70869.552223
619	-70761.527762
620	-70770.527762
621	-70752.527762
622	-70833.544069
623	-70824.544069
624	-70797.535915
625	-70896.560377
626	-70698.511454
627	-70752.527762
628	-70653.495147
629	-70716.519608
630	-70716.511454
631	-70896.560377
632	-70896.560377
633	-70842.544069
634	-70752.519608
635	-70824.544069
636	-70761.527762
637	-70824.544069
638	-70761.527762
639	-70824.544069
640	-70716.511454
641	-70824.544069
642	-70806.535915
643	-70788.535915
644	-70860.552223
645	-70860.552223
646	-70752.527762
647	-70689.503300
648	-70752.527762
649	-70689.511454
650	-70860.552223
651	-70824.544069
652	-70752.527762
653	-70788.535915
654	-70698.511454
655	-70824.544069
656	-70788.535915
657	-70896.560377
658	-70860.552223
659	-70761.527762
660	-70770.527762
661	-70698.503300
662	-70716.511454
663	-70725.519608
664	-70725.519608
665	-70806.535915
666	-70770.527762
667	-70752.527762
668	-70644.503300
669	-70860.552223
670	-70896.560377
671	-70680.511454
672	-70824.544069
673	-70878.552223
674	-70824.544069
675	-70824.544069
676	-70671.503300
677	-70806.535915
678	-70644.503300
679	-70716.519608
680	-70788.535915
681	-70770.527762
682	-70716.519608
683	-70788.535915
684	-70860.552223
685	-70896.560377
686	-70860.552223
687	-70896.560377
688	-70770.527762
689	-70788.535915
690	-70806.535915
691	-70680.511454
692	-70788.535915
693	-70770.527762
694	-70752.527762
695	-70896.560377
696	-70824.544069
697	-70752.527762
698	-70716.519608
699	-70824.544069
700	-70860.552223
701	-70824.544069
702	-70752.527762
703	-70824.544069
704	-70932.568531
705	-70860.552223
706	-70860.552223
707	-70788.535915
708	-70752.527762
709	-70824.544069
710	-70680.511454
711	-70743.519608
712	-70860.552223
713	-70644.503300
714	-70824.544069
715	-70806.535915
716	-70734.519608
717	-70905.560377
718	-70716.519608
719	-70968.576684
720	-70752.519608
721	-70806.535915
722	-70824.544069
723	-70824.544069
724	-70752.527762
725	-70644.495147
726	-70806.527762
727	-70698.511454
728	-70788.535915
729	-70689.511454
730	-70761.527762
731	-70896.560377
732	-70896.560377
733	-70860.552223
734	-70860.552223
735	-70896.560377
736	-70644.503300
737	-70896.560377
738	-70824.544069
739	-70761.527762
740	-70752.527762
741	-70680.511454
742	-70644.495147
743	-70680.511454
744	-70896.560377
745	-70824.544069
746	-70554.478839
747	-70788.535915
748	-70752.527762
749	-70608.495147
750	-70806.535915
751	-70716.519608
752	-70806.527762
753	-70788.535915
754	-70896.560377
755	-70761.527762
756	-70824.544069
757	-70662.503300
758	-70788.535915
759	-70860.552223
760	-70806.535915
761	-70842.544069
762	-70554.470685
763	-70824.544069
764	-70545.478839
765	-70788.535915
766	-70644.486993
767	-70806.535915
768	-70761.527762
769	-70734.519608
770	-70698.511454
771	-70752.527762
772	-70788.535915
773	-70716.519608
774	-70752.527762
775	-70824.544069
776	-70824.544069
777	-70806.535915
778	-70698.511454
779	-70788.535915
780	-70806.535915
781	-70716.519608
782	-70896.560377
783	-70824.544069
784	-70869.552223
785	-70698.511454
786	-70662.495147
787	-70824.544069
788	-70860.552223
789	-70716.511454
790	-70716.519608
791	-70788.535915
792	-70698.511454
793	-70932.568531
794	-70725.519608
795	-70752.527762
796	-70716.519608
797	-70788.535915
798	-70761.527762
799	-70536.478839
800	-70752.527762
801	-70473.462531
802	-70941.568531
803	-70770.527762
804	-70968.576684
805	-70734.519608
806	-70824.544069
807	-70752.527762
808	-70824.544069
809	-70608.486993
810	-70734.519608
811	-70788.535915
812	-70896.560377
813	-70788.535915
814	-70833.544069
815	-70698.486993
816	-70833.544069
817	-70860.544069
818	-70752.527762
819	-70752.527762
820	-70824.544069
821	-70824.544069
822	-70788.535915
823	-70788.535915
824	-70680.511454
825	-70698.511454
826	-70905.560377
827	-70788.535915
828	-70860.552223
829	-70788.535915
830	-70752.527762
831	-70869.552223
832	-70914.560377
833	-70824.544069
834	-70590.486993
835	-70716.511454
836	-70752.527762
837	-70716.519608
838	-70788.535915
839	-70734.519608
840	-70680.511454
841	-70770.527762
842	-70770.527762
843	-70752.527762
844	-70698.511454
845	-70860.552223
846	-70716.519608
847	-70752.527762
848	-70788.535915
849	-70824.544069
850	-70761.527762
851	-70680.511454
852	-70824.544069
853	-70644.503300
854	-70644.503300
855	-70896.560377
856	-70662.503300
857	-70860.552223
858	-70770.527762
859	-70851.544069
860	-70770.527762
861	-70752.527762
862	-70797.535915
863	-70734.519608
864	-70716.519608
865	-70725.519608
866	-70869.552223
867	-70752.527762
868	-70869.552223
869	-70698.511454
870	-70734.519608
871	-70824.544069
872	-70824.544069
873	-70788.527762
874	-70680.511454
875	-70788.535915
876	-70788.535915
877	-70824.535915
878	-70788.535915
879	-70608.486993
880	-70860.552223
881	-70896.560377
882	-70824.544069
883	-70833.544069
884	-70968.576684
885	-70788.535915
886	-70824.544069
887	-70680.511454
888	-70716.519608
889	-70716.519608
890	-70716.511454
891	-70734.519608
892	-70788.535915
893	-70788.535915
894	-70824.544069
895	-70860.552223
896	-70824.544069
897	-70797.535915
898	-70869.552223
899	-70734.519608
900	-70860.552223
901	-70716.519608
902	-70716.519608
903	-70788.535915
904	-70869.552223
905	-70716.519608
906	-70824.544069
907	-70815.535915
908	-70896.560377
909	-70824.544069
910	-70878.552223
911	-70788.535915
912	-70770.527762
913	-70806.535915
914	-70806.535915
915	-70698.511454
916	-70824.544069
917	-70770.527762
918	-70896.560377
919	-70689.478839
920	-70617.478839
921	-70788.535915
922	-70770.527762
923	-70752.527762
924	-70662.503300
925	-70680.511454
926	-70860.552223
927	-70824.544069
928	-70752.527762
929	-70752.527762
930	-70788.535915
931	-70824.544069
932	-70734.519608
933	-70788.535915
934	-70932.568531
935	-70896.560377
936	-70680.511454
937	-70608.495147
938	-70860.552223
939	-70752.527762
940	-70626.495147
941	-70761.527762
942	-70752.527762
943	-70860.552223
944	-70860.552223
945	-70698.511454
946	-70734.519608
947	-70500.462531
948	-70833.544069
949	-70644.503300
950	-70806.535915
951	-70770.519608
952	-70680.511454
953	-70761.527762
954	-70716.519608
955	-70680.511454
956	-70779.527762
957	-70680.511454
958	-70743.519608
959	-70806.535915
960	-70824.544069
961	-70788.535915
962	-70824.544069
963	-70716.511454
964	-70752.527762
965	-70644.503300
966	-70572.478839
967	-70482.454378
968	-70680.511454
969	-70824.544069
970	-70680.511454
971	-70680.511454
972	-70860.552223
973	-70761.527762
974	-70761.527762
975	-70824.544069
976	-70707.511454
977	-70437.438070
978	-70734.519608
979	-70680.511454
980	-70698.511454
981	-70716.519608
982	-70824.544069
983	-70824.544069
984	-70662.503300
985	-70518.470685
986	-70824.544069
987	-70896.560377
988	-70788.535915
989	-70680.511454
990	-70824.544069
991	-70824.544069
992	-70716.519608
993	-70734.519608
994	-70788.527762
995	-70671.495147
996	-70860.552223
997	-70698.511454
998	-70824.544069
999	-70752.527762
1000	-70752.527762
1001	-70896.560377
1002	-70860.552223
1003	-70716.519608
1004	-70896.560377
1005	-70770.527762
1006	-70860.552223
1007	-70860.552223
1008	-70797.535915
1009	-70752.527762
1010	-70752.527762
1011	-70788.535915
1012	-70644.503300
1013	-70824.544069
1014	-70824.544069
1015	-70788.535915
1016	-70833.544069
1017	-70896.560377
1018	-70734.519608
1019	-70761.527762
1020	-70860.552223
1021	-70752.527762
1022	-70644.503300
1023	-70752.527762
1024	-70752.519608
1025	-70716.519608
1026	-70752.527762
1027	-70734.519608
1028	-70752.511454
1029	-70572.486993
1030	-70716.511454
1031	-70653.503300
1032	-70752.527762
1033	-70680.511454
1034	-70860.552223
1035	-70680.511454
1036	-70824.544069
1037	-70869.552223
1038	-70653.503300
1039	-70716.519608
1040	-70932.568531
1041	-70824.544069
1042	-70824.544069
1043	-70752.519608
1044	-70842.544069
1045	-70860.552223
1046	-70824.544069
1047	-70824.544069
1048	-70860.552223
1049	-70617.495147
1050	-70860.552223
1051	-70752.527762
1052	-70680.503300
1053	-70734.519608
1054	-70860.552223
1055	-70860.552223
1056	-70905.560377
1057	-70860.552223
1058	-70896.560377
1059	-70842.544069
1060	-70887.552223
1061	-70788.535915
1062	-70644.495147
1063	-70860.552223
1064	-70788.535915
1065	-70833.544069
1066	-70680.503300
1067	-70806.535915
1068	-70572.486993
1069	-70707.511454
1070	-70860.552223
1071	-70680.511454
1072	-70860.552223
1073	-70680.503300
1074	-70689.511454
1075	-70680.511454
1076	-70932.568531
1077	-70689.511454
1078	-70572.478839
1079	-70761.527762
1080	-70698.511454
1081	-70896.560377
1082	-70716.519608
1083	-70896.560377
1084	-70698.511454
1085	-70824.544069
1086	-70824.544069
1087	-70716.511454
1088	-70734.519608
1089	-70644.503300
1090	-70752.527762
1091	-70734.519608
1092	-70860.552223
1093	-70896.560377
1094	-70788.527762
1095	-70860.552223
1096	-70788.535915
1097	-70572.486993
1098	-70752.527762
1099	-70752.527762
1100	-70716.519608
1101	-70761.527762
1102	-70797.535915
1103	-70842.544069
1104	-70680.511454
1105	-70608.495147
1106	-70662.503300
1107	-70680.511454
1108	-70806.535915
1109	-70698.511454
1110	-70590.478839
1111	-70896.560377
1112	-70716.511454
1113	-70860.552223
1114	-70770.527762
1115	-70689.511454
1116	-70878.552223
1117	-70860.552223
1118	-70806.535915
1119	-70788.535915
1120	-70869.552223
1121	-70932.568531
1122	-70698.511454
1123	-70779.527762
1124	-70770.527762
1125	-70698.511454
1126	-70788.535915
1127	-70536.478839
1128	-70716.519608
1129	-70788.535915
1130	-70806.535915
1131	-70752.527762
1132	-70806.535915
1133	-70716.519608
1134	-70680.511454
1135	-70896.560377
1136	-70860.552223
1137	-70752.527762
1138	-70788.535915
1139	-70896.560377
1140	-70752.527762
1141	-70716.519608
1142	-70662.503300
1143	-70797.535915
1144	-70770.527762
1145	-70860.552223
1146	-70680.511454
1147	-70932.568531
1148	-70788.535915
1149	-70824.544069
1150	-70896.560377
1151	-70833.544069
1152	-70725.519608
1153	-70716.519608
1154	-70824.544069
1155	-70806.535915
1156	-70644.503300
1157	-70842.544069
1158	-70752.527762
1159	-70896.560377
1160	-70833.544069
1161	-70734.519608
1162	-70572.486993
1163	-70860.552223
1164	-70788.535915
1165	-70860.552223
1166	-70806.535915
1167	-70842.544069
1168	-70500.470685
1169	-70824.544069
1170	-70644.503300
1171	-70788.535915
1172	-70860.552223
1173	-70824.544069
1174	-70896.560377
1175	-70680.511454
1176	-70824.544069
1177	-70788.535915
1178	-70824.544069
1179	-70752.527762
1180	-70932.568531
1181	-70824.544069
1182	-70653.495147
1183	-70806.535915
1184	-70752.527762
1185	-70797.535915
1186	-70869.552223
1187	-70824.544069
1188	-70788.535915
1189	-70896.560377
1190	-70869.552223
1191	-70824.544069
1192	-70788.527762
1193	-70824.544069
1194	-70806.527762
1195	-70905.560377
1196	-70824.544069
1197	-70860.552223
1198	-70716.519608
1199	-70788.527762
1200	-70896.560377
1201	-70788.535915
1202	-70788.535915
1203	-70824.544069
1204	-70626.495147
1205	-70824.544069
1206	-70680.511454
1207	-70833.544069
1208	-70788.535915
1209	-70860.552223
1210	-70860.552223
1211	-70752.527762
1212	-70860.535915
1213	-70644.503300
1214	-70644.503300
1215	-70860.552223
1216	-70752.527762
1217	-70680.511454
1218	-70752.527762
1219	-70797.535915
1220	-70896.560377
1221	-70734.519608
1222	-70725.519608
1223	-70689.511454
1224	-70716.519608
1225	-70716.519608
1226	-70788.535915
1227	-70770.527762
1228	-70689.511454
1229	-70788.535915
1230	-70824.544069
1231	-70743.519608
1232	-70869.552223
1233	-70833.544069
1234	-70734.519608
1235	-70896.560377
1236	-70716.519608
1237	-70788.535915
1238	-70824.544069
1239	-70896.560377
1240	-70878.544069
1241	-70770.527762
1242	-70752.527762
1243	-70860.552223
1244	-70896.560377
1245	-70734.519608
1246	-70860.552223
1247	-70698.511454
1248	-70932.568531
1249	-70824.535915
1250	-70698.511454
1251	-70680.511454
1252	-70824.544069
1253	-70707.511454
1254	-70725.519608
1255	-70725.519608
1256	-70698.511454
1257	-70680.511454
1258	-70806.535915
1259	-70752.527762
1260	-70788.535915
1261	-70860.552223
1262	-70770.527762
1263	-70824.544069
1264	-70734.519608
1265	-70896.560377
1266	-70608.495147
1267	-70653.495147
1268	-70824.544069
1269	-70734.519608
1270	-70896.560377
1271	-70788.535915
1272	-70743.519608
1273	-70824.544069
1274	-70824.544069
1275	-70860.552223
1276	-70608.495147
1277	-70752.527762
1278	-70860.552223
1279	-70788.535915
1280	-70788.535915
1281	-70644.503300
1282	-70698.511454
1283	-70932.560377
1284	-70698.511454
1285	-70806.527762
1286	-70752.511454
1287	-70716.519608
1288	-70797.535915
1289	-70833.544069
1290	-70788.535915
1291	-70788.535915
1292	-70716.519608
1293	-70752.527762
1294	-70788.535915
1295	-70824.544069
1296	-70752.527762
1297	-70932.568531
1298	-70806.535915
1299	-70842.544069
1300	-70716.519608
1301	-70824.544069
1302	-70698.511454
1303	-70824.544069
1304	-70869.552223
1305	-70896.560377
1306	-70680.511454
1307	-70869.552223
1308	-70797.535915
1309	-70752.527762
1310	-70860.552223
1311	-70734.519608
1312	-70590.486993
1313	-70752.527762
1314	-70824.544069
1315	-70788.535915
1316	-70626.495147
1317	-70860.552223
1318	-70788.535915
1319	-70824.544069
1320	-70680.511454
1321	-70824.544069
1322	-70824.544069
1323	-70716.519608
1324	-70734.519608
1325	-70932.568531
1326	-70896.560377
1327	-70860.552223
1328	-70824.544069
1329	-70860.552223
1330	-70626.495147
1331	-70860.552223
1332	-70725.519608
1333	-70896.560377
1334	-70707.511454
1335	-70788.535915
1336	-70752.527762
1337	-70734.519608
1338	-70806.535915
1339	-70842.544069
1340	-70689.511454
1341	-70698.486993
1342	-70815.535915
1343	-70824.544069
1344	-70734.519608
1345	-70752.527762
1346	-70788.519608
1347	-70860.552223
1348	-70761.527762
1349	-70716.519608
1350	-70806.535915
1351	-70761.527762
1352	-70770.527762
1353	-70842.544069
1354	-70788.535915
1355	-70761.527762
1356	-70860.552223
1357	-70716.519608
1358	-70824.544069
1359	-70572.486993
1360	-70797.535915
1361	-70716.519608
1362	-70608.486993
1363	-70554.470685
1364	-70824.544069
1365	-70896.560377
1366	-70725.519608
1367	-70698.511454
1368	-70788.535915
1369	-70671.503300
1370	-70626.486993
1371	-70716.511454
1372	-70788.535915
1373	-70824.544069
1374	-70761.527762
1375	-70860.552223
1376	-70788.535915
1377	-70788.535915
1378	-70653.503300
1379	-70824.544069
1380	-70716.519608
1381	-70896.560377
1382	-70860.552223
1383	-70680.511454
1384	-70752.527762
1385	-70806.535915
1386	-70860.552223
1387	-70752.527762
1388	-70752.527762
1389	-70896.560377
1390	-70860.552223
1391	-70968.576684
1392	-70680.503300
1393	-70824.544069
1394	-70644.503300
1395	-70617.495147
1396	-70716.519608
1397	-70833.544069
1398	-70860.552223
1399	-70716.519608
1400	-70536.470685
1401	-70716.519608
1402	-70932.568531
1403	-70860.552223
1404	-70788.535915
1405	-70788.535915
1406	-70689.511454
1407	-70752.519608
1408	-70788.535915
1409	-70788.535915
1410	-70806.535915
1411	-70788.535915
1412	-70716.519608
1413	-70896.560377
1414	-70752.527762
1415	-70761.527762
1416	-70842.544069
1417	-70617.495147
1418	-70860.552223
1419	-70716.519608
1420	-70806.535915
1421	-70716.519608
1422	-70860.552223
1423	-70608.495147
1424	-70788.535915
1425	-70788.535915
1426	-70743.519608
1427	-70806.535915
1428	-70788.535915
1429	-70806.535915
1430	-70860.552223
1431	-70644.503300
1432	-70770.527762
1433	-70662.503300
1434	-70860.552223
1435	-70788.535915
1436	-70914.560377
1437	-70788.535915
1438	-70806.535915
1439	-70788.535915
1440	-70905.560377
1441	-70824.544069
1442	-70734.519608
1443	-70761.527762
1444	-70617.495147
1445	-70860.552223
1446	-70824.544069
1447	-70788.535915
1448	-70707.511454
1449	-70572.486993
1450	-70824.544069
1451	-70788.535915
1452	-70770.527762
1453	-70896.560377
1454	-70806.535915
1455	-70698.511454
1456	-70644.503300
1457	-70752.527762
1458	-70644.503300
1459	-70716.519608
1460	-70788.535915
1461	-70824.544069
1462	-70788.535915
1463	-70725.519608
1464	-70716.519608
1465	-70797.535915
1466	-70788.535915
1467	-70698.511454
1468	-70716.519608
1469	-70824.544069
1470	-70716.519608
1471	-70842.544069
1472	-70752.527762
1473	-70752.527762
1474	-70806.535915
1475	-70824.544069
1476	-70797.535915
1477	-70968.576684
1478	-70716.519608
1479	-70734.519608
1480	-70824.544069
1481	-70752.527762
1482	-70617.495147
1483	-70725.519608
1484	-70752.527762
1485	-70860.552223
1486	-70905.560377
1487	-70788.535915
1488	-70860.552223
1489	-70842.535915
1490	-70743.519608
1491	-70698.511454
1492	-70608.495147
1493	-70716.511454
1494	-70860.552223
1495	-70536.478839
1496	-70716.519608
1497	-70752.519608
1498	-70752.527762
1499	-70752.519608
1500	-70788.535915
1501	-70662.503300
1502	-70743.519608
1503	-70896.560377
1504	-70734.511454
1505	-70689.495147
1506	-70761.511454
1507	-70680.511454
1508	-70824.544069
1509	-70752.527762
1510	-70698.511454
1511	-70860.552223
1512	-70860.552223
1513	-70968.576684
1514	-70734.519608
1515	-70824.544069
1516	-70698.511454
1517	-70824.544069
1518	-70824.535915
1519	-70752.527762
1520	-70824.544069
1521	-70716.519608
1522	-70734.519608
1523	-70644.503300
1524	-70788.535915
1525	-70725.519608
1526	-70860.552223
1527	-70932.568531
1528	-70788.535915
1529	-70824.544069
1530	-70680.511454
1531	-70824.544069
1532	-70752.527762
1533	-70932.568531
1534	-70752.527762
1535	-70788.535915
1536	-70752.527762
1537	-70824.544069
1538	-70833.544069
1539	-70833.544069
1540	-70797.535915
1541	-70788.535915
1542	-70743.519608
1543	-70905.560377
1544	-70761.527762
1545	-70788.535915
1546	-70797.535915
1547	-70716.519608
1548	-70833.544069
1549	-70752.527762
1550	-70608.495147
1551	-70716.519608
1552	-70860.552223
1553	-70860.552223
1554	-70626.486993
1555	-70788.535915
1556	-70842.544069
1557	-70734.519608
1558	-70716.519608
1559	-70788.535915
1560	-70788.535915
1561	-70833.544069
1562	-70824.544069
1563	-70734.519608
1564	-70752.519608
1565	-70716.519608
1566	-70896.560377
1567	-70716.519608
1568	-70734.511454
1569	-70797.535915
1570	-70824.544069
1571	-70716.519608
1572	-70716.519608
1573	-70752.527762
1574	-70680.511454
1575	-70761.527762
1576	-70815.535915
1577	-70653.503300
1578	-70680.511454
1579	-70788.535915
1580	-70662.503300
1581	-70788.535915
1582	-70716.519608
1583	-70788.535915
1584	-70725.519608
1585	-70860.552223
1586	-70752.527762
1587	-70860.552223
1588	-70680.511454
1589	-70824.544069
1590	-70806.535915
1591	-70761.527762
1592	-70788.535915
1593	-70680.511454
1594	-70644.503300
1595	-70716.519608
1596	-70752.519608
1597	-70698.503300
1598	-70788.535915
1599	-70716.519608
1600	-70608.495147
1601	-70752.527762
1602	-70905.560377
1603	-70761.527762
1604	-70788.527762
1605	-70608.486993
1606	-70788.535915
1607	-70752.527762
1608	-70788.535915
1609	-70860.552223
1610	-70752.527762
1611	-70797.535915
1612	-70860.552223
1613	-70932.568531
1614	-70932.568531
1615	-70644.495147
1616	-70662.503300
1617	-70752.527762
1618	-70932.568531
1619	-70869.552223
1620	-70752.527762
1621	-70896.560377
1622	-70896.560377
1623	-70905.560377
1624	-70716.519608
1625	-70788.535915
1626	-70536.478839
1627	-70896.560377
1628	-70716.519608
1629	-70824.544069
1630	-70788.535915
1631	-70770.527762
1632	-70788.535915
1633	-70860.552223
1634	-70770.527762
1635	-70680.511454
1636	-70896.560377
1637	-70698.511454
1638	-70824.544069
1639	-70572.478839
1640	-70644.495147
1641	-70833.544069
1642	-70608.495147
1643	-70788.535915
1644	-70698.511454
1645	-70788.535915
1646	-70770.527762
1647	-70626.495147
1648	-70716.519608
1649	-70554.470685
1650	-70797.535915
1651	-70761.527762
1652	-70788.535915
1653	-70833.544069
1654	-70824.544069
1655	-70788.535915
1656	-70824.544069
1657	-70716.519608
1658	-70797.535915
1659	-70860.552223
1660	-70896.560377
1661	-70806.535915
1662	-70806.535915
1663	-70932.568531
1664	-70608.495147
1665	-70770.527762
1666	-70788.535915
1667	-70698.511454
1668	-70698.511454
1669	-70788.535915
1670	-70860.552223
1671	-70905.560377
1672	-70797.535915
1673	-70824.544069
1674	-70896.560377
1675	-70896.560377
1676	-70824.544069
1677	-70752.527762
1678	-70725.511454
1679	-70716.511454
1680	-70680.503300
1681	-70752.527762
1682	-70752.527762
1683	-70698.511454
1684	-70734.519608
1685	-70680.511454
1686	-70689.511454
1687	-70770.527762
1688	-70896.560377
1689	-70860.552223
1690	-70698.511454
1691	-70896.560377
1692	-70968.576684
1693	-70860.552223
1694	-70644.503300
1695	-70644.495147
1696	-70662.503300
1697	-70824.544069
1698	-70968.576684
1699	-70824.544069
1700	-70752.527762
1701	-70644.503300
1702	-70716.519608
1703	-70932.568531
1704	-70788.535915
1705	-70788.535915
1706	-70716.511454
1707	-70860.552223
1708	-70788.535915
1709	-70968.576684
1710	-70806.535915
1711	-70860.552223
1712	-70914.560377
1713	-70644.503300
1714	-70788.535915
1715	-70707.511454
1716	-70689.511454
1717	-70662.503300
1718	-70761.527762
1719	-70689.511454
1720	-70788.535915
1721	-70626.495147
1722	-70752.527762
1723	-70788.535915
1724	-70707.511454
1725	-70770.527762
1726	-70662.503300
1727	-70698.511454
1728	-70716.519608
1729	-70860.552223
1730	-70770.527762
1731	-70860.552223
1732	-70608.495147
1733	-70752.519608
1734	-70680.511454
1735	-70752.527762
1736	-70797.535915
1737	-70896.560377
1738	-70896.560377
1739	-70725.519608
1740	-70716.519608
1741	-70824.544069
1742	-70725.519608
1743	-70653.503300
1744	-70698.511454
1745	-70734.519608
1746	-70824.544069
1747	-70788.535915
1748	-70644.503300
1749	-70752.527762
1750	-70716.519608
1751	-70680.511454
1752	-70824.544069
1753	-70626.495147
1754	-70752.527762
1755	-70680.511454
1756	-70788.535915
1757	-70608.495147
1758	-70806.535915
1759	-70725.519608
1760	-70752.527762
1761	-70752.527762
1762	-70797.535915
1763	-70860.552223
1764	-70617.495147
1765	-70824.544069
1766	-70770.527762
1767	-70788.535915
1768	-70896.560377
1769	-70896.560377
1770	-70896.560377
1771	-70716.519608
1772	-70698.511454
1773	-70698.511454
1774	-70824.544069
1775	-70788.535915
1776	-70788.535915
1777	-70752.527762
1778	-70770.527762
1779	-70896.560377
1780	-70608.495147
1781	-70824.544069
1782	-70626.495147
1783	-70788.535915
1784	-70644.503300
1785	-70824.544069
1786	-70698.511454
1787	-70608.486993
1788	-70788.535915
1789	-70860.552223
1790	-70770.527762
1791	-70806.535915
1792	-70860.552223
1793	-70932.568531
1794	-70932.568531
1795	-70896.560377
1796	-70860.552223
1797	-70860.552223
1798	-70896.560377
1799	-70644.503300
1800	-70716.511454
1801	-70806.535915
1802	-70716.519608
1803	-70761.527762
1804	-70671.503300
1805	-70680.511454
1806	-70833.544069
1807	-70698.511454
1808	-70824.544069
1809	-70860.552223
1810	-70932.568531
1811	-70716.519608
1812	-70896.560377
1813	-70716.519608
1814	-70797.535915
1815	-70860.552223
1816	-70833.544069
1817	-70932.568531
1818	-70896.560377
1819	-70662.503300
1820	-70824.544069
1821	-70860.552223
1822	-70752.527762
1823	-70662.503300
1824	-70752.527762
1825	-70572.486993
1826	-70896.560377
1827	-70968.576684
1828	-70752.527762
1829	-70662.503300
1830	-70752.527762
1831	-70806.535915
1832	-70788.535915
1833	-70797.535915
1834	-70788.535915
1835	-70716.519608
1836	-70797.535915
1837	-70743.519608
1838	-70842.544069
1839	-70905.560377
1840	-70797.535915
1841	-70788.535915
1842	-70644.503300
1843	-70896.560377
1844	-70761.527762
1845	-70689.503300
1846	-70671.503300
1847	-70644.503300
1848	-70608.495147
1849	-70752.527762
1850	-70698.511454
1851	-70707.511454
1852	-70788.535915
1853	-70680.511454
1854	-70779.527762
1855	-70806.535915
1856	-70689.511454
1857	-70860.552223
1858	-70761.519608
1859	-70860.552223
1860	-70626.486993
1861	-70536.478839
1862	-70752.527762
1863	-70644.503300
1864	-70860.552223
1865	-70689.511454
1866	-70761.527762
1867	-70896.560377
1868	-70797.535915
1869	-70788.535915
1870	-70824.544069
1871	-70824.544069
1872	-70761.527762
1873	-70707.503300
1874	-70689.511454
1875	-70707.511454
1876	-70752.527762
1877	-70860.552223
1878	-70896.560377
1879	-70599.486993
1880	-70680.511454
1881	-70797.535915
1882	-70824.544069
1883	-70716.519608
1884	-70788.535915
1885	-70644.495147
1886	-70752.527762
1887	-70590.478839
1888	-70788.535915
1889	-70788.535915
1890	-70680.511454
1891	-70860.552223
1892	-70680.503300
1893	-70644.495147
1894	-70716.519608
1895	-70896.560377
1896	-70725.519608
1897	-70734.519608
1898	-70725.503300
1899	-70788.535915
1900	-70788.535915
1901	-70752.527762
1902	-70824.544069
1903	-70671.503300
1904	-70752.511454
1905	-70680.511454
1906	-70716.519608
1907	-70788.535915
1908	-70824.544069
1909	-70842.544069
1910	-70860.552223
1911	-70716.519608
1912	-70680.511454
1913	-70896.560377
1914	-70806.535915
1915	-70896.560377
1916	-70896.560377
1917	-70824.544069
1918	-70734.519608
1919	-70896.560377
1920	-70581.478839
1921	-70716.519608
1922	-70752.519608
1923	-70824.544069
1924	-70860.552223
1925	-70932.568531
1926	-70788.535915
1927	-70725.519608
1928	-70734.519608
1929	-70824.544069
1930	-70680.511454
1931	-70716.519608
1932	-70788.535915
1933	-70824.544069
1934	-70770.527762
1935	-70824.544069
1936	-70752.527762
1937	-70752.519608
1938	-70680.511454
1939	-70797.535915
1940	-70824.544069
1941	-70779.527762
1942	-70806.535915
1943	-70896.560377
1944	-70644.503300
1945	-70644.503300
1946	-70860.552223
1947	-70653.503300
1948	-70698.511454
1949	-70752.519608
1950	-70734.519608
1951	-70716.519608
1952	-70680.511454
1953	-70644.495147
1954	-70734.519608
1955	-70716.519608
1956	-70536.478839
1957	-70662.495147
1958	-70680.503300
1959	-70536.470685
1960	-70752.527762
1961	-70788.535915
1962	-70860.552223
1963	-70788.535915
1964	-70824.544069
1965	-70797.535915
1966	-70725.519608
1967	-70617.478839
1968	-70896.560377
1969	-70689.511454
1970	-70860.552223
1971	-70878.552223
1972	-70716.519608
1973	-70680.511454
1974	-70716.511454
1975	-70680.511454
1976	-70788.535915
1977	-70680.511454
1978	-70869.552223
1979	-70725.519608
1980	-70590.486993
1981	-70716.519608
1982	-70752.527762
1983	-70788.535915
1984	-70752.527762
1985	-70770.519608
1986	-70716.519608
1987	-70752.527762
1988	-70644.503300
1989	-70860.552223
1990	-70824.544069
1991	-70788.535915
1992	-70896.560377
1993	-70932.568531
1994	-70932.568531
1995	-70752.527762
1996	-70824.544069
1997	-70707.511454
1998	-70707.511454
1999	-70860.552223
2000	-70896.560377
2001	-70833.544069
2002	-70896.560377
2003	-70752.527762
2004	-70752.519608
2005	-70761.519608
2006	-70860.552223
2007	-70680.511454
2008	-70932.568531
2009	-70788.527762
2010	-70635.495147
2011	-70572.470685
2012	-70860.552223
2013	-70716.519608
2014	-70788.535915
2015	-70788.535915
2016	-70860.552223
2017	-70896.560377
2018	-70824.544069
2019	-70860.552223
2020	-70797.535915
2021	-70815.535915
2022	-70824.544069
2023	-70734.519608
2024	-70752.527762
2025	-70716.519608
2026	-70626.495147
2027	-70833.544069
2028	-70860.552223
2029	-70842.544069
2030	-70824.544069
2031	-70644.503300
2032	-70752.527762
2033	-70896.560377
2034	-70680.511454
2035	-70824.544069
2036	-70896.560377
2037	-70824.544069
2038	-70833.544069
2039	-70824.544069
2040	-70824.544069
2041	-70752.527762
2042	-70797.535915
2043	-70644.503300
2044	-70716.519608
2045	-70824.544069
2046	-70824.544069
2047	-70824.544069
2048	-70707.495147
2049	-70824.544069
2050	-70788.535915
2051	-70860.552223
2052	-70752.527762
2053	-70734.519608
2054	-70752.527762
2055	-70698.511454
2056	-70833.544069
2057	-70554.478839
2058	-70833.544069
2059	-70896.560377
2060	-70824.544069
2061	-70716.519608
2062	-70752.527762
2063	-70608.495147
2064	-70788.535915
2065	-70644.478839
2066	-70824.544069
2067	-70905.560377
2068	-70788.535915
2069	-70824.544069
2070	-70644.503300
2071	-70680.511454
2072	-70770.527762
2073	-70752.527762
2074	-70824.544069
2075	-70752.527762
2076	-70644.503300
2077	-70824.544069
2078	-70860.552223
2079	-70761.527762
2080	-70932.568531
2081	-70563.478839
2082	-70797.535915
2083	-70896.560377
2084	-70734.519608
2085	-70896.560377
2086	-70788.527762
2087	-70788.535915
2088	-70806.535915
2089	-70860.552223
2090	-70698.511454
2091	-70752.527762
2092	-70860.552223
2093	-70788.535915
2094	-70824.544069
2095	-70410.446224
2096	-70689.511454
2097	-70644.503300
2098	-70824.544069
2099	-70833.544069
2100	-70752.527762
2101	-70788.519608
2102	-70860.552223
2103	-70698.511454
2104	-70608.486993
2105	-70716.519608
2106	-70788.535915
2107	-70860.552223
2108	-70761.527762
2109	-70572.478839
2110	-70698.511454
2111	-70806.535915
2112	-70896.560377
2113	-70896.560377
2114	-70824.544069
2115	-70752.519608
2116	-70788.535915
2117	-70671.503300
2118	-70833.544069
2119	-70842.544069
2120	-70824.544069
2121	-70761.527762
2122	-70797.535915
2123	-70896.560377
2124	-70932.568531
2125	-70644.503300
2126	-70716.519608
2127	-70662.503300
2128	-70824.544069
2129	-70734.519608
2130	-70779.527762
2131	-70644.503300
2132	-70833.544069
2133	-70680.511454
2134	-70860.552223
2135	-70572.478839
2136	-70680.511454
2137	-70824.544069
2138	-70860.552223
2139	-70770.527762
2140	-70824.544069
2141	-70644.503300
2142	-70662.503300
2143	-70680.511454
2144	-70734.519608
2145	-70788.535915
2146	-70752.527762
2147	-70860.552223
2148	-70716.511454
2149	-70788.535915
2150	-70644.503300
2151	-70824.544069
2152	-70824.544069
2153	-70824.544069
2154	-70788.535915
2155	-70761.527762
2156	-70716.519608
2157	-70788.535915
2158	-70842.544069
2159	-70752.527762
2160	-70752.527762
2161	-70806.535915
2162	-70680.511454
2163	-70860.552223
2164	-70752.527762
2165	-70734.519608
2166	-70752.527762
2167	-70716.519608
2168	-70860.552223
2169	-70482.462531
2170	-70770.527762
2171	-70896.560377
2172	-70824.544069
2173	-70716.519608
2174	-70797.535915
2175	-70752.527762
2176	-70833.544069
2177	-70698.511454
2178	-70716.519608
2179	-70824.544069
2180	-70824.544069
2181	-70689.511454
2182	-70788.535915
2183	-70824.544069
2184	-70824.544069
2185	-70860.552223
2186	-70752.519608
2187	-70932.568531
2188	-70932.568531
2189	-70824.544069
2190	-70716.503300
2191	-70644.503300
2192	-70860.552223
2193	-70761.519608
2194	-70824.544069
2195	-70752.527762
2196	-70752.527762
2197	-70860.552223
2198	-70824.544069
2199	-70752.519608
2200	-70752.527762
2201	-70680.511454
2202	-70770.527762
2203	-70860.552223
2204	-70752.527762
2205	-70752.527762
2206	-70806.535915
2207	-70698.511454
2208	-70752.527762
2209	-70698.511454
2210	-70644.503300
2211	-70788.535915
2212	-70806.535915
2213	-70680.511454
2214	-70860.552223
2215	-70824.544069
2216	-70734.519608
2217	-70860.552223
2218	-70896.560377
2219	-70752.527762
2220	-70896.560377
2221	-70860.552223
2222	-70716.519608
2223	-70716.519608
2224	-70932.568531
2225	-70788.535915
2226	-70716.519608
2227	-70716.519608
2228	-70860.552223
2229	-70698.511454
2230	-70518.470685
2231	-70680.511454
2232	-70860.552223
2233	-70788.535915
2234	-70644.503300
2235	-70941.568531
2236	-70671.503300
2237	-70752.527762
2238	-70662.503300
2239	-70743.519608
2240	-70689.511454
2241	-70932.568531
2242	-70716.519608
2243	-70788.535915
2244	-70716.519608
2245	-70824.544069
2246	-70860.552223
2247	-70770.527762
2248	-70752.527762
2249	-70788.535915
2250	-70860.552223
2251	-70752.527762
2252	-70626.495147
2253	-70860.552223
2254	-70716.519608
2255	-70932.568531
2256	-70644.503300
2257	-70860.544069
2258	-70788.535915
2259	-70590.486993
2260	-70860.552223
2261	-70752.527762
2262	-70752.527762
2263	-70797.535915
2264	-70779.527762
2265	-70707.511454
2266	-70860.552223
2267	-70860.552223
2268	-70662.503300
2269	-70824.544069
2270	-70788.527762
2271	-70824.544069
2272	-70644.503300
2273	-70554.478839
2274	-70905.560377
2275	-70860.552223
2276	-70860.552223
2277	-70716.519608
2278	-70806.535915
2279	-70590.486993
2280	-70752.527762
2281	-70752.527762
2282	-70752.527762
2283	-70788.535915
2284	-70860.552223
2285	-70860.552223
2286	-70860.552223
2287	-70788.535915
2288	-70599.486993
2289	-70680.511454
2290	-70896.560377
2291	-70824.544069
2292	-70788.535915
2293	-70752.527762
2294	-70824.544069
2295	-70680.511454
2296	-70896.560377
2297	-70788.535915
2298	-70824.544069
2299	-70662.503300
2300	-70770.527762
2301	-70752.519608
2302	-70752.527762
2303	-70824.544069
2304	-70716.519608
2305	-70932.568531
2306	-70689.495147
2307	-70653.503300
2308	-70806.535915
2309	-70788.535915
2310	-70644.495147
2311	-70860.552223
2312	-70896.560377
2313	-70824.544069
2314	-70716.519608
2315	-70680.503300
2316	-70824.544069
2317	-70716.519608
2318	-70860.552223
2319	-70842.535915
2320	-70662.503300
2321	-70716.519608
2322	-70725.519608
2323	-70824.544069
2324	-70824.544069
2325	-70968.576684
2326	-70779.527762
2327	-70590.486993
2328	-70644.503300
2329	-70824.544069
2330	-70644.503300
2331	-70734.519608
2332	-70788.535915
2333	-70788.535915
2334	-70788.535915
2335	-70590.486993
2336	-70671.503300
2337	-70842.544069
2338	-70752.527762
2339	-70788.535915
2340	-70680.511454
2341	-70797.535915
2342	-70797.535915
2343	-70806.535915
2344	-70770.527762
2345	-70788.535915
2346	-70824.544069
2347	-70788.535915
2348	-70698.511454
2349	-70680.511454
2350	-70860.552223
2351	-70500.470685
2352	-70788.535915
2353	-70896.560377
2354	-70752.527762
2355	-70824.544069
2356	-70797.535915
2357	-70716.519608
2358	-70842.544069
2359	-70824.544069
2360	-70716.511454
2361	-70662.495147
2362	-70626.495147
2363	-70725.519608
2364	-70698.511454
2365	-70716.519608
2366	-70869.552223
2367	-70770.527762
2368	-70716.519608
2369	-70635.486993
2370	-70680.511454
2371	-70896.560377
2372	-70833.544069
2373	-70725.519608
2374	-70716.519608
2375	-70833.544069
2376	-70698.511454
2377	-70716.519608
2378	-70869.552223
2379	-70752.519608
2380	-70716.519608
2381	-70716.519608
2382	-70716.519608
2383	-70716.519608
2384	-70680.503300
2385	-70752.519608
2386	-70608.486993
2387	-70716.519608
2388	-70932.568531
2389	-70896.560377
2390	-70680.503300
2391	-70797.535915
2392	-70824.544069
2393	-70752.527762
2394	-70761.527762
2395	-70725.511454
2396	-70788.535915
2397	-70806.535915
2398	-70680.511454
2399	-70788.535915
2400	-70716.511454
2401	-70896.560377
2402	-70752.527762
2403	-70860.552223
2404	-70824.544069
2405	-70662.503300
2406	-70698.511454
2407	-70788.535915
2408	-70788.535915
2409	-70716.519608
2410	-70725.519608
2411	-70761.527762
2412	-70725.519608
2413	-70896.560377
2414	-70680.511454
2415	-70860.552223
2416	-70752.527762
2417	-70860.552223
2418	-70779.527762
2419	-70707.503300
2420	-70752.527762
2421	-70680.511454
2422	-70860.552223
2423	-70716.519608
2424	-70968.576684
2425	-70734.519608
2426	-70824.544069
2427	-70752.527762
2428	-70761.519608
2429	-70644.503300
2430	-70788.535915
2431	-70788.535915
2432	-70887.552223
2433	-70752.527762
2434	-70752.527762
2435	-70680.511454
2436	-70860.552223
2437	-70824.535915
2438	-70734.519608
2439	-70833.544069
2440	-70680.511454
2441	-70788.535915
2442	-70653.503300
2443	-70806.535915
2444	-70680.511454
2445	-70788.535915
2446	-70680.511454
2447	-70824.544069
2448	-70788.535915
2449	-70680.503300
2450	-70788.535915
2451	-70860.552223
2452	-70698.511454
2453	-70788.535915
2454	-70698.511454
2455	-70824.544069
2456	-70896.560377
2457	-70788.535915
2458	-70896.560377
2459	-70788.535915
2460	-70716.519608
2461	-70860.552223
2462	-70689.511454
2463	-70869.552223
2464	-70860.552223
2465	-70806.535915
2466	-70824.544069
2467	-70752.527762
2468	-70752.527762
2469	-70680.511454
2470	-70554.478839
2471	-70572.486993
2472	-70860.552223
2473	-70896.560377
2474	-70896.560377
2475	-70869.552223
2476	-70860.552223
2477	-70590.486993
2478	-70536.470685
2479	-70788.535915
2480	-70680.511454
2481	-70707.511454
2482	-70752.519608
2483	-70869.552223
2484	-70824.544069
2485	-70734.519608
2486	-70752.511454
2487	-70833.544069
2488	-70752.527762
2489	-70824.544069
2490	-70680.511454
2491	-70824.544069
2492	-70860.552223
2493	-70896.560377
2494	-70788.535915
2495	-70788.535915
2496	-70572.478839
2497	-70896.560377
2498	-70788.535915
2499	-70815.535915
2500	-70662.503300
2501	-70752.527762
2502	-70860.552223
2503	-70716.519608
2504	-70671.503300
2505	-70761.527762
2506	-70752.527762
2507	-70932.568531
2508	-70932.568531
2509	-70896.560377
2510	-70824.544069
2511	-70617.495147
2512	-70698.511454
2513	-70752.527762
2514	-70761.527762
2515	-70788.535915
2516	-70644.503300
2517	-70824.544069
2518	-70590.486993
2519	-70752.527762
2520	-70869.552223
2521	-70788.535915
2522	-70527.470685
2523	-70770.527762
2524	-70860.552223
2525	-70842.544069
2526	-70896.560377
2527	-70896.560377
2528	-70860.552223
2529	-70824.544069
2530	-70806.535915
2531	-70716.519608
2532	-70653.503300
2533	-70644.495147
2534	-70698.511454
2535	-70752.527762
2536	-70824.544069
2537	-70761.527762
2538	-70788.535915
2539	-70788.535915
2540	-70752.527762
2541	-70680.511454
2542	-70860.552223
2543	-70878.552223
2544	-70734.519608
2545	-70824.544069
2546	-70797.535915
2547	-70824.544069
2548	-70788.535915
2549	-70860.552223
2550	-70752.527762
2551	-70860.552223
2552	-70680.503300
2553	-70824.544069
2554	-70788.535915
2555	-70824.544069
2556	-70752.527762
2557	-70896.560377
2558	-70860.552223
2559	-70788.535915
2560	-70752.527762
2561	-70734.519608
2562	-70770.527762
2563	-70797.535915
2564	-70896.560377
2565	-70788.535915
2566	-70932.568531
2567	-70860.552223
2568	-70833.544069
2569	-70626.495147
2570	-70824.544069
2571	-70671.503300
2572	-70644.495147
2573	-70734.519608
2574	-70716.519608
2575	-70752.527762
2576	-70932.568531
2577	-70896.560377
2578	-70896.560377
2579	-70752.527762
2580	-70896.560377
2581	-70680.511454
2582	-70752.527762
2583	-70824.544069
2584	-70761.527762
2585	-70860.552223
2586	-70860.552223
2587	-70842.544069
2588	-70824.544069
2589	-70770.527762
2590	-70752.527762
2591	-70608.495147
2592	-70788.535915
2593	-70716.519608
2594	-70833.544069
2595	-70716.519608
2596	-70770.527762
2597	-70788.535915
2598	-70716.519608
2599	-70554.478839
2600	-70680.511454
2601	-70770.527762
2602	-70752.527762
2603	-70698.511454
2604	-70788.535915
2605	-70824.544069
2606	-70788.535915
2607	-70824.544069
2608	-70698.511454
2609	-70698.511454
2610	-70680.511454
2611	-70716.519608
2612	-70734.519608
2613	-70716.519608
2614	-70644.495147
2615	-70761.527762
2616	-70896.560377
2617	-70770.527762
2618	-70770.527762
2619	-70707.511454
2620	-70680.511454
2621	-70824.544069
2622	-70716.519608
2623	-70824.544069
2624	-70824.544069
2625	-70896.560377
2626	-70860.552223
2627	-70752.527762
2628	-70806.535915
2629	-70788.535915
2630	-70788.535915
2631	-70860.552223
2632	-70734.519608
2633	-70770.527762
2634	-70752.527762
2635	-70752.527762
2636	-70752.527762
2637	-70734.519608
2638	-70671.503300
2639	-70536.462531
2640	-70608.495147
2641	-70896.560377
2642	-70788.535915
2643	-70689.503300
2644	-70905.560377
2645	-70788.535915
2646	-70671.503300
2647	-70644.503300
2648	-70824.544069
2649	-70932.568531
2650	-70860.552223
2651	-70788.535915
2652	-70752.527762
2653	-70761.527762
2654	-70716.519608
2655	-70752.527762
2656	-70788.535915
2657	-70806.535915
2658	-70824.544069
2659	-70896.560377
2660	-70869.552223
2661	-70860.552223
2662	-70725.519608
2663	-70860.552223
2664	-70752.527762
2665	-70860.552223
2666	-70878.552223
2667	-70752.527762
2668	-70932.568531
2669	-70932.568531
2670	-70842.544069
2671	-70635.495147
2672	-70788.535915
2673	-70626.495147
2674	-70806.535915
2675	-70716.519608
2676	-70788.535915
2677	-70860.552223
2678	-70788.535915
2679	-70860.552223
2680	-70644.503300
2681	-70788.535915
2682	-70824.544069
2683	-70752.527762
2684	-70644.503300
2685	-70698.503300
2686	-70680.511454
2687	-70833.544069
2688	-70716.519608
2689	-70752.527762
2690	-70698.511454
2691	-70752.511454
2692	-70896.560377
2693	-70734.519608
2694	-70824.544069
2695	-70860.552223
2696	-70896.560377
2697	-70860.552223
2698	-70896.560377
2699	-70752.527762
2700	-70824.544069
2701	-70788.535915
2702	-70716.519608
2703	-70824.544069
2704	-70860.552223
2705	-70761.527762
2706	-70761.527762
2707	-70761.527762
2708	-70653.503300
2709	-70788.535915
2710	-70752.527762
2711	-70752.527762
2712	-70680.511454
2713	-70860.552223
2714	-70518.470685
2715	-70716.519608
2716	-70770.527762
2717	-70788.535915
2718	-70896.560377
2719	-70743.519608
2720	-70707.511454
2721	-70896.560377
2722	-70725.511454
2723	-70932.568531
2724	-70770.527762
2725	-70761.527762
2726	-70788.535915
2727	-70716.519608
2728	-70680.511454
2729	-70680.486993
2730	-70824.544069
2731	-70860.552223
2732	-70716.519608
2733	-70788.535915
2734	-70698.511454
2735	-70662.503300
2736	-70788.535915
2737	-70842.544069
2738	-70725.519608
2739	-70698.511454
2740	-70788.535915
2741	-70752.519608
2742	-70833.544069
2743	-70824.544069
2744	-70770.527762
2745	-70824.544069
2746	-70716.519608
2747	-70689.511454
2748	-70905.560377
2749	-70680.511454
2750	-70860.552223
2751	-70716.519608
2752	-70860.552223
2753	-70491.462531
2754	-70689.503300
2755	-70824.544069
2756	-70815.527762
2757	-70707.503300
2758	-70797.527762
2759	-70860.552223
2760	-70671.486993
2761	-70788.535915
2762	-70824.544069
2763	-70698.511454
2764	-70824.544069
2765	-70698.511454
2766	-70752.527762
2767	-70824.544069
2768	-70644.495147
2769	-70869.552223
2770	-70869.552223
2771	-70860.552223
2772	-70824.544069
2773	-70734.519608
2774	-70806.535915
2775	-70788.527762
2776	-70896.560377
2777	-70824.535915
2778	-70644.495147
2779	-70689.503300
2780	-70743.511454
2781	-70860.552223
2782	-70806.519608
2783	-70644.495147
2784	-70572.486993
2785	-70797.535915
2786	-70896.560377
2787	-70824.544069
2788	-70788.535915
2789	-70653.503300
2790	-70707.503300
2791	-70842.544069
2792	-70752.519608
2793	-70788.535915
2794	-70824.544069
2795	-70752.527762
2796	-70788.535915
2797	-70752.527762
2798	-70545.478839
2799	-70806.535915
2800	-70680.503300
2801	-70842.544069
2802	-70680.511454
2803	-70797.535915
2804	-70689.511454
2805	-70824.544069
2806	-70788.535915
2807	-70860.552223
2808	-70842.544069
2809	-70824.544069
2810	-70680.503300
2811	-70824.544069
2812	-70824.544069
2813	-70770.527762
2814	-70752.527762
2815	-70896.560377
2816	-70752.527762
2817	-70752.527762
2818	-70896.560377
2819	-70536.478839
2820	-70752.527762
2821	-70806.535915
2822	-70752.527762
2823	-70788.535915
2824	-70788.535915
2825	-70824.544069
2826	-70896.560377
2827	-70752.527762
2828	-70752.527762
2829	-70752.527762
2830	-70680.511454
2831	-70842.544069
2832	-70896.560377
2833	-70896.552223
2834	-70896.560377
2835	-70770.527762
2836	-70689.503300
2837	-70716.511454
2838	-70761.527762
2839	-70833.544069
2840	-70788.535915
2841	-70788.535915
2842	-70824.544069
2843	-70707.511454
2844	-70860.552223
2845	-70734.519608
2846	-70824.544069
2847	-70770.527762
2848	-70788.535915
2849	-70725.519608
2850	-70860.552223
2851	-70896.560377
2852	-70788.535915
2853	-70752.527762
2854	-70788.535915
2855	-70716.519608
2856	-70680.511454
2857	-70644.503300
2858	-70896.560377
2859	-70788.535915
2860	-70860.552223
2861	-70626.495147
2862	-70662.503300
2863	-70860.552223
2864	-70860.552223
2865	-70725.519608
2866	-70896.560377
2867	-70752.527762
2868	-70824.544069
2869	-70554.462531
2870	-70788.535915
2871	-70644.503300
2872	-70680.503300
2873	-70707.511454
2874	-70932.568531
2875	-70716.519608
2876	-70815.535915
2877	-70860.552223
2878	-70788.535915
2879	-70878.552223
2880	-70626.495147
2881	-70788.535915
2882	-70788.535915
2883	-70698.495147
2884	-70626.486993
2885	-70752.527762
2886	-70770.527762
2887	-70572.486993
2888	-70860.552223
2889	-70662.503300
2890	-70752.527762
2891	-70680.511454
2892	-70698.503300
2893	-70788.535915
2894	-70824.544069
2895	-70770.527762
2896	-70824.544069
2897	-70842.544069
2898	-70743.511454
2899	-70752.527762
2900	-70860.552223
2901	-70788.535915
2902	-70860.552223
2903	-70824.544069
2904	-70824.544069
2905	-70680.503300
2906	-70806.535915
2907	-70932.568531
2908	-70716.519608
2909	-70662.503300
2910	-70896.560377
2911	-70806.535915
2912	-70734.519608
2913	-70824.544069
2914	-70734.519608
2915	-70860.552223
2916	-70689.511454
2917	-70680.503300
2918	-70797.535915
2919	-70824.544069
2920	-70770.527762
2921	-70680.511454
2922	-70860.552223
2923	-70860.552223
2924	-70860.552223
2925	-70788.535915
2926	-70644.503300
2927	-70896.560377
2928	-70932.568531
2929	-70698.511454
2930	-70824.544069
2931	-70824.535915
2932	-70788.535915
2933	-70662.495147
2934	-70680.503300
2935	-70806.535915
2936	-70761.527762
2937	-70896.560377
2938	-70752.527762
2939	-70968.576684
2940	-70860.552223
2941	-70752.527762
2942	-70824.544069
2943	-70788.535915
2944	-70824.544069
2945	-70788.535915
2946	-70788.535915
2947	-70581.478839
2948	-70824.544069
2949	-70824.544069
2950	-70788.535915
2951	-70698.503300
2952	-70734.519608
2953	-70752.527762
2954	-70752.527762
2955	-70860.552223
2956	-70752.527762
2957	-70752.527762
2958	-70788.535915
2959	-70860.552223
2960	-70824.544069
2961	-70716.519608
2962	-70806.535915
2963	-70968.576684
2964	-70788.535915
2965	-70689.511454
2966	-70680.503300
2967	-70860.552223
2968	-70644.495147
2969	-70752.527762
2970	-70788.535915
2971	-70752.527762
2972	-70752.527762
2973	-70653.503300
2974	-70725.519608
2975	-70716.511454
2976	-70788.527762
2977	-70680.511454
2978	-70824.544069
2979	-70752.527762
2980	-70716.519608
2981	-70806.535915
2982	-70644.503300
2983	-70608.495147
2984	-70752.527762
2985	-70617.495147
2986	-70824.544069
2987	-70797.535915
2988	-70797.535915
2989	-70680.511454
2990	-70806.535915
2991	-70896.560377
2992	-70716.519608
2993	-70860.552223
2994	-70626.495147
2995	-70824.544069
2996	-70824.544069
2997	-70968.576684
2998	-70680.511454
2999	-70680.511454
